ADC1 ADC2 tv_sec tv_usec M_STAT M_POS LVDT_DL LVDT actual_speed
8514521 8404111 3364 317743 0 327680 0 0 -312506
8515507 8399526 3364 337872 0 73162385 0 0 361839659
8514023 8405733 3364 358002 0 73160102 0 0 361828318
8512176 8416305 3364 378130 0 73157661 0 0 361816190
8511605 8424388 3364 398259 0 73155233 0 0 361804129
8513060 8422897 3364 418392 0 73152817 0 0 361792128
8514971 8412660 3364 438518 0 73150412 0 0 361780179
8515076 8402659 3364 458648 0 73148019 0 0 361768291
8513612 8399296 3364 478779 0 73145638 0 0 361756463
8511701 8404969 3364 498905 0 73143268 0 0 361744688
8511486 8416263 3364 519037 0 73140910 0 0 361732975
8513090 8424377 3364 539164 0 73138565 0 0 -118335
8515027 8424217 3364 559292 0 73136230 0 0 -118595
8515785 8416842 3364 579422 0 73133908 0 0 -118002
8514331 8405666 3364 599549 0 73131598 0 0 -117418
8511840 8399482 3364 619679 0 73129299 0 0 -116838
8510665 8402584 3364 639809 0 73127013 0 0 -116245
8511548 8411856 3364 659936 0 73124737 0 0 -115665
8513929 8421621 3364 680065 0 73122474 0 0 -115079
8515675 8424883 3364 700194 0 73120223 0 0 -114488
8515075 8418512 3364 720323 0 73117983 0 0 -113903
8513250 8408869 3364 740453 0 73115755 0 0 -113320
8511555 8401126 3364 760581 0 73113539 0 0 -112729
8511251 8399837 3364 780710 0 73111335 0 0 -112143
8512832 8407052 3364 800838 0 73109142 0 0 -111561
8514639 8416929 3364 820967 0 73106961 0 0 -110975
8515326 8423917 3364 841096 0 73104793 0 0 -110390
8514483 8424856 3364 861226 0 73102635 0 0 -109802
8512634 8418395 3364 881354 0 73100490 0 0 -109216
8511219 8408121 3364 901484 0 73098357 0 0 -108629
8511557 8400700 3364 921613 0 73096235 0 0 -108043
8513147 8399649 3364 941741 0 73094125 0 0 -107458
8514892 8405633 3364 961870 0 73092027 0 0 -106871
8515441 8416073 3364 982002 0 73089940 0 0 -106288
8513961 8423999 3365 2130 0 73087865 0 0 -105702
8512029 8425364 3365 22257 0 73085803 0 0 -105112
8510804 8420153 3365 42386 0 73083752 0 0 -104531
8510887 8411350 3365 62516 0 73081713 0 0 -103940
8512551 8402529 3365 82646 0 73079685 0 0 -103357
8514648 8399269 3365 102773 0 73077669 0 0 -102778
8515803 8403255 3365 122903 0 73075665 0 0 -102191
8515027 8412244 3365 143035 0 73073673 0 0 -101603
8512991 8421449 3365 163161 0 73071693 0 0 -101018
8511262 8425619 3365 183289 0 73069725 0 0 -100429
8510753 8423329 3365 203418 0 73067768 0 0 -99842
8511733 8415341 3365 223551 0 73065823 0 0 -99258
8513419 8406850 3365 243678 0 73063890 0 0 -98673
8515112 8399918 3365 263809 0 73061969 0 0 -98086
8515286 8399995 3365 283938 0 73060059 0 0 -97501
8514083 8406312 3365 304067 0 73058161 0 0 -96913
8512253 8415532 3365 324196 0 73056275 0 0 -96327
8511105 8423736 3365 344323 0 73054402 0 0 -95738
8511495 8425627 3365 364454 0 73052539 0 0 -95155
8512952 8421843 3365 384583 0 73050689 0 0 -94568
8514765 8413652 3365 404710 0 73048850 0 0 -93983
8515572 8405313 3365 424841 0 73047023 0 0 -93398
8515106 8399622 3365 444970 0 73045208 0 0 -92811
8513294 8400425 3365 465096 0 73043404 0 0 -92231
8511268 8407605 3365 485224 0 73041613 0 0 -91640
8510555 8416003 3365 505354 0 73039833 0 0 -91054
8511340 8423460 3365 525483 0 73038065 0 0 -90468
8513187 8425707 3365 545611 0 73036309 0 0 -89886
8515017 8421564 3365 565740 0 73034564 0 0 -89300
8515816 8414497 3365 585870 0 73032832 0 0 -88714
8515052 8405813 3365 605998 0 73031111 0 0 -88127
8513537 8400058 3365 626127 0 73029402 0 0 -87542
8511905 8399056 3365 646257 0 73027705 0 0 -86955
8510835 8402701 3365 666387 0 73026019 0 0 -86368
8511021 8410104 3365 686514 0 73024346 0 0 -85782
8512375 8419038 3365 706644 0 73022684 0 0 -85196
8514046 8424759 3365 726774 0 73021034 0 0 -84609
8515331 8425603 3365 746901 0 73019395 0 0 -84028
8515521 8421932 3365 767033 0 73017769 0 0 -83436
8514400 8413573 3365 787160 0 73016154 0 0 -82856
8512819 8405568 3365 807290 0 73014551 0 0 -82269
8511359 8400051 3365 827417 0 73012960 0 0 -81683
8510749 8398657 3365 847547 0 73011381 0 0 -81097
8511208 8401349 3365 867678 0 73009813 0 0 -80511
8512675 8408471 3365 887804 0 73008257 0 0 -79929
8514447 8416867 3365 907934 0 73006713 0 0 -79343
8515726 8423830 3365 928063 0 73005181 0 0 -78757
8515733 8426118 3365 948194 0 73003661 0 0 -78165
8515080 8424832 3365 968320 0 73002152 0 0 -77586
8513806 8420477 3365 988450 0 73000655 0 0 -76998
8512139 8412664 3366 8581 0 72999171 0 0 -76407
8510931 8404154 3366 28707 0 72997697 0 0 -75826
8510901 8399682 3366 48839 0 72996236 0 0 -75239
8511798 8398688 3366 68969 0 72994786 0 0 -74653
8513082 8401108 3366 89097 0 72993348 0 0 -74067
8514620 8407107 3366 109226 0 72991922 0 0 -73481
8515673 8414971 3366 129355 0 72990508 0 0 -72894
8515578 8421064 3366 149485 0 72989106 0 0 -72308
8514889 8425285 3366 169613 0 72987715 0 0 -71721
8513773 8426217 3366 189743 0 72986336 0 0 -71135
8512326 8423815 3366 209871 0 72984969 0 0 -70555
8511189 8418243 3366 230001 0 72983614 0 0 -69962
8510892 8412129 3366 250127 0 72982270 0 0 -69383
8511208 8405491 3366 270259 0 72980939 0 0 -68791
8512468 8400508 3366 290384 0 72979619 0 0 -68206
8513687 8398718 3366 310514 0 72978311 0 0 -67619
8515130 8400206 3366 330643 0 72977015 0 0 -67033
8515771 8404292 3366 350771 0 72975730 0 0 -66453
8515782 8409788 3366 370900 0 72974457 0 0 -65866
8515039 8416338 3366 391032 0 72973196 0 0 -65279
8513933 8421740 3366 411159 0 72971947 0 0 -64693
8512504 8425436 3366 431287 0 72970710 0 0 -64108
8511549 8426236 3366 451417 0 72969484 0 0 -63520
8510924 8424840 3366 471547 0 72968271 0 0 -62935
8510753 8420880 3366 491674 0 72967069 0 0 -62348
8511502 8414354 3366 511804 0 72965878 0 0 -61767
8512660 8408249 3366 531933 0 72964700 0 0 -61180
8514110 8403113 3366 552063 0 72963533 0 0 -60594
8515219 8399653 3366 572190 4 72962378 0 0 -60008
8515748 8398778 3366 592320 0 72961235 0 0 -59422
8515701 8400541 3366 612449 0 72960104 0 0 -58836
8515232 8404526 3366 632577 0 72958985 0 0 -58249
8514366 8408675 3366 652707 4 72957877 0 0 -57663
8513147 8413830 3366 672837 4 72956781 0 0 -57082
8511934 8419552 3366 692964 4 72955697 0 0 -56496
8511020 8424004 3366 713093 4 72954625 0 0 -55905
8510834 8426176 3366 733224 0 72953564 0 0 -55323
8511070 8426176 3366 753353 0 72952516 0 0 -54732
8511581 8424573 3366 773480 0 72951479 0 0 -54146
8512483 8421461 3366 793611 0 72950454 0 0 -53560
8513576 8416652 3366 813740 0 72949441 0 0 -52973
8514752 8411195 3366 833867 0 72948439 0 0 -52392
8515347 8406867 3366 854002 0 72947449 0 0 -51805
8515736 8403139 3366 874128 4 72946471 0 0 -51219
8515871 8400266 3366 894257 4 72945505 0 0 -50633
8515568 8398727 3366 914385 4 72944576 0 0 -49922
8515098 8398561 3366 934515 4 72943713 0 0 -48939
8514551 8398546 3366 954645 4 72942916 0 0 -47692
8514041 8398939 3366 974772 4 72942185 0 0 -46172
8513618 8402298 3366 994902 4 72941520 0 0 -44383
8512990 8404489 3367 15034 0 72940921 0 0 -42326
8512665 8405576 3367 35159 0 72940388 0 0 -39997
8512401 8406854 3367 55288 0 72939922 0 0 -37394
8512388 8407311 3367 75417 0 72939521 0 0 -34527
8512380 8407479 3367 95546 0 72939186 0 0 -31393
8512441 8406902 3367 115675 0 72938917 0 0 -28114
8512775 8405561 3367 135802 0 72938715 0 0 -24830
8513365 8402997 3367 155933 0 72938578 0 0 -21551
8514220 8400372 3367 176062 0 72938507 0 0 -18272
8514574 8399565 3367 196191 0 72938501 0 0 -14998
8514016 8401213 3367 216318 0 72938545 0 0 -11804
8513239 8403663 3367 236448 0 72938636 0 0 -8704
8513140 8403624 3367 256578 0 72938775 0 0 -5698
8513306 8403173 3367 276705 0 72938960 0 0 -2787
8512744 8405266 3367 316964 0 72939473 0 0 2762
8512915 8403953 3367 337094 0 72939800 0 0 5390
8511543 8411064 3367 357221 0 72940174 0 0 7929
8511153 8415167 3367 377351 0 72940595 0 0 10373
8513965 8404399 3367 397480 0 72941063 0 0 12728
8513528 8414939 3367 417608 0 72941579 0 0 15073
8511375 8424639 3367 437738 0 72942142 0 0 17418
8514116 8414061 3367 457868 0 72942752 0 0 19757
8515617 8399978 3367 477995 0 72943409 0 0 22103
8515185 8399669 3367 498125 4 72944114 0 0 24447
8512083 8415639 3367 518254 4 72944865 0 0 26787
8514075 8414495 3367 538383 4 72945664 0 0 29132
8512430 8415009 3367 558512 4 72946510 0 0 31477
8514258 8426080 3367 578641 4 72947402 0 0 33817
8514771 8426384 3367 598770 4 72948342 0 0 36162
8515721 8422892 3367 618899 4 72949309 0 0 38402
8515891 8418442 3367 639029 4 72950288 0 0 40469
8515203 8411058 3367 659159 0 72951278 0 0 42356
8513427 8402168 3367 679288 0 72952280 0 0 44070
8511515 8399986 3367 699419 0 72953294 0 0 45605
8511403 8406886 3367 719546 0 72954320 0 0 46972
8513306 8418077 3367 739675 0 72955357 0 0 48154
8515368 8425365 3367 759806 0 72956406 0 0 49162
8515484 8422556 3367 779933 4 72957467 0 0 50002
8513467 8412212 3367 800062 4 72958540 0 0 50663
8511476 8401693 3367 820193 4 72959625 0 0 51248
8511874 8400893 3367 840319 4 72960721 0 0 51831
8513882 8410077 3367 860447 0 72961829 0 0 52417
8515287 8420841 3367 880580 0 72962949 0 0 53003
8514850 8425916 3367 900705 0 72964081 0 0 53590
8512648 8421059 3367 920834 4 72965225 0 0 54176
8511143 8409808 3367 940964 4 72966380 0 0 54762
8511536 8400889 3367 961093 0 72967547 0 0 55349
8513621 8400209 3367 981221 0 72968726 0 0 55935
8515564 8408088 3368 1350 0 72969917 0 0 56521
8515639 8418886 3368 21478 0 72971119 0 0 57103
8514126 8425390 3368 41607 0 72972334 0 0 57693
8512135 8425673 3368 61737 0 72973560 0 0 58279
8510909 8419781 3368 81867 0 72974798 0 0 58866
8511138 8411120 3368 101995 0 72976048 0 0 59451
8512572 8402879 3368 122124 0 72977309 0 0 60033
8514608 8399116 3368 142253 0 72978582 0 0 60619
8515732 8401971 3368 162381 0 72979867 0 0 61206
8515416 8410307 3368 182510 0 72981164 0 0 61791
8514049 8418800 3368 202640 0 72982473 0 0 62378
8512440 8424707 3368 222770 0 72983794 0 0 62968
8511215 8426481 3368 242897 0 72985126 0 0 63550
8511389 8423031 3368 263030 0 72986470 0 0 64136
8512488 8416643 3368 283156 0 72987826 0 0 64723
8513820 8409611 3368 303284 0 72989193 0 0 65304
8514950 8403292 3368 323413 0 72990573 0 0 65895
8515565 8399213 3368 343543 0 72991964 0 0 66481
8515319 8399733 3368 363671 0 72993367 0 0 67067
8514379 8403813 3368 383800 0 72994782 0 0 67654
8513044 8409723 3368 403930 0 72996208 0 0 68235
8511600 8417524 3368 424059 0 72997647 0 0 68821
8510764 8423982 3368 444187 0 72999097 0 0 69407
8510958 8426668 3368 464320 0 73000559 0 0 69993
8511850 8426602 3368 484449 0 73002033 0 0 70579
8513168 8423650 3368 504576 0 73003518 0 0 71165
8514697 8417557 3368 524707 0 73005016 0 0 71751
8515826 8409650 3368 544836 0 73006525 0 0 72338
8516040 8403657 3368 564965 0 73008046 0 0 72923
8515669 8399929 3368 585092 0 73009579 0 0 73510
8514476 8398993 3368 605223 0 73011123 0 0 74096
8512582 8402480 3368 625352 0 73012679 0 0 74677
8511133 8408470 3368 645479 0 73014247 0 0 75264
8510405 8415272 3368 665610 0 73015827 0 0 75851
8510788 8421579 3368 685739 0 73017419 0 0 76437
8511858 8425963 3368 705866 0 73019022 0 0 77023
8513409 8426972 3368 725993 0 73020638 0 0 77611
8514772 8424471 3368 746123 0 73022265 0 0 78196
8515652 8419134 3368 766253 0 73023904 0 0 78783
8515621 8413066 3368 786380 0 73025554 0 0 79364
8514900 8405589 3368 806510 0 73027217 0 0 79955
8513803 8401123 3368 826638 0 73028891 0 0 80542
8512428 8398968 3368 846767 0 73030577 0 0 81128
8511379 8400584 3368 866897 0 73032274 0 0 81709
8510935 8406085 3368 887026 0 73033984 0 0 82295
8511520 8412714 3368 907154 0 73035706 0 0 82886
8512799 8419834 3368 927284 0 73037439 0 0 83466
8513964 8424752 3368 947413 0 73039184 0 0 84053
8515059 8427055 3368 967541 0 73040940 0 0 84635
8515395 8425593 3368 987671 0 73042709 0 0 85225
8514948 8420335 3369 7801 0 73044489 0 0 85806
8513939 8413787 3369 27928 0 73046282 0 0 86398
8512445 8406336 3369 48057 0 73048086 0 0 86984
8511263 8400866 3369 68187 0 73049901 0 0 87570
8510916 8399136 3369 88315 0 73051729 0 0 88157
8511547 8401533 3369 108445 0 73053568 0 0 88737
8512963 8408076 3369 128574 0 73055419 0 0 89324
8514585 8415827 3369 148702 0 73057283 0 0 89916
8515806 8422932 3369 168832 0 73059157 0 0 90501
8515938 8426815 3369 188963 0 73061044 0 0 91087
8515044 8426325 3369 209089 0 73062942 0 0 91675
8513342 8420948 3369 229218 0 73064852 0 0 92255
8511767 8412804 3369 249348 0 73066774 0 0 92841
8510829 8405005 3369 269476 0 73068707 0 0 93428
8511100 8400040 3369 289608 0 73070653 0 0 94012
8512697 8400097 3369 309738 0 73072610 0 0 94598
8514631 8405781 3369 329866 0 73074579 0 0 95186
8515871 8414862 3369 349995 0 73076560 0 0 95766
8515811 8423036 3369 370124 0 73078553 0 0 96358
8514734 8426899 3369 390254 0 73080557 0 0 96939
8513217 8426320 3369 410382 0 73082573 0 0 97525
8511633 8419975 3369 430511 0 73084601 0 0 98111
8511337 8410591 3369 450640 0 73086641 0 0 98698
8512291 8402852 3369 470769 0 73088693 0 0 99288
8513750 8399559 3369 490896 0 73090756 0 0 99872
8514948 8402073 3369 511029 0 73092831 0 0 100457
8514957 8410722 3369 531154 0 73094918 0 0 101044
8513813 8420266 3369 551282 0 73097017 0 0 101631
8512294 8426344 3369 571412 0 73099127 0 0 102212
8511354 8426429 3369 591541 0 73101249 0 0 102798
8511818 8420422 3369 611669 0 73103383 0 0 103384
8513473 8409749 3369 631798 0 73105530 0 0 103976
8514977 8401600 3369 651928 0 73107687 0 0 104556
8515483 8399902 3369 672057 0 73109857 0 0 105143
8514388 8405455 3369 692185 0 73112038 0 0 105729
8512307 8415597 3369 712314 0 73114231 0 0 106317
8510847 8424584 3369 732444 0 73116436 0 0 106900
8511175 8427001 3369 752572 0 73118653 0 0 107487
8512944 8421823 3369 772702 0 73120881 0 0 108073
8515062 8411060 3369 792832 0 73123121 0 0 108659
8515773 8401860 3369 812959 0 73125374 0 0 109250
8514412 8400423 3369 833089 0 73127638 0 0 109831
8512520 8406748 3369 853219 0 73129913 0 0 110417
8511051 8417729 3369 873346 0 73132200 0 0 111000
8511461 8426043 3369 893476 0 73134500 0 0 111590
8513601 8426137 3369 913604 0 73136811 0 0 112176
8515270 8417773 3369 933733 0 73139133 0 0 112758
8515121 8407160 3369 953864 0 73141468 0 0 113343
8513683 8400480 3369 973991 0 73143815 0 0 113936
8511866 8402481 3369 994120 0 73146173 0 0 114522
8511586 8411944 3370 14251 0 73148543 0 0 115102
8513132 8422845 3370 34380 0 73150924 0 0 115683
8514949 8427419 3370 54509 0 73153318 0 0 116276
8515308 8422761 3370 74638 0 73155724 0 0 116866
8513994 8412155 3370 94767 0 73158140 0 0 117442
8511891 8402376 3370 114897 0 73160569 0 0 118027
8511098 8400881 3370 135029 0 73163010 0 0 118617
8512508 8409443 3370 155156 0 73165463 0 0 119205
8514997 8420825 3370 175283 0 73167927 0 0 119786
8516038 8427097 3370 195413 0 73170403 0 0 120372
8514920 8424482 3370 215542 0 73172891 0 0 120959
8512408 8413751 3370 235672 0 73175391 0 0 121550
8510966 8402521 3370 255800 0 73177902 0 0 122131
8512010 8400830 3370 275928 0 73180426 0 0 122719
8514558 8409907 3370 296057 0 73182961 0 0 123310
8515784 8421434 3370 316186 0 73185507 0 0 123892
8514420 8427163 3370 336315 0 73188066 0 0 124480
8511838 8421784 3370 356444 0 73190636 0 0 125060
8511083 8409197 3370 376571 0 73193218 0 0 125646
8512757 8401134 3370 396702 0 73195812 0 0 126232
8514769 8402875 3370 416831 0 73198418 0 0 126818
8515286 8413131 3370 436959 0 73201036 0 0 127405
8513412 8424092 3370 457088 0 73203666 0 0 127996
8511202 8426192 3370 477218 0 73206307 0 0 128575
8511530 8416102 3370 497345 0 73208959 0 0 129158
8513997 8403842 3370 517475 0 73211624 0 0 129749
8515481 8400671 3370 537605 0 73214301 0 0 130334
8514464 8409161 3370 557732 0 73216989 0 0 130922
8512142 8421513 3370 577862 0 73219689 0 0 131506
8510926 8427417 3370 597991 0 73222401 0 0 132093
8512518 8420288 3370 618121 0 73225125 0 0 132679
8514910 8408322 3370 638248 0 73227861 0 0 133266
8515416 8400506 3370 658378 0 73230608 0 0 133847
8513394 8403647 3370 678508 0 73233367 0 0 134433
8510806 8417156 3370 698635 0 73236138 0 0 135024
8511163 8426885 3370 718765 0 73238921 0 0 135610
8513908 8423641 3370 738894 0 73241715 0 0 136193
8515485 8412096 3370 759024 0 73244522 0 0 136781
8514422 8401555 3370 779152 0 73247340 0 0 137369
8511655 8403949 3370 799281 0 73250170 0 0 137955
8511166 8417714 3370 819410 0 73253011 0 0 138538
8513412 8427111 3370 839539 0 73255865 0 0 139122
8515248 8424148 3370 859669 0 73258730 0 0 139708
8514341 8411768 3370 879797 0 73261607 0 0 140296
8511793 8401083 3370 899928 0 73264496 0 0 140879
8511026 8404452 3370 920059 0 73267396 0 0 141460
8513022 8417544 3370 940186 0 73270309 0 0 142052
8515292 8427039 3370 960315 0 73273233 0 0 142634
8514736 8423457 3370 980443 0 73276169 0 0 143221
8512054 8409826 3371 573 0 73279117 0 0 143806
8510717 8400623 3371 20704 0 73282076 0 0 144391
8512600 8405389 3371 40830 0 73285048 0 0 144979
8515297 8419729 3371 60960 0 73288031 0 0 145565
8514761 8427238 3371 81087 0 73291026 0 0 146152
8512032 8418721 3371 101217 0 73294033 0 0 146739
8511169 8405376 3371 121347 0 73297051 0 0 147325
8513105 8400950 3371 141474 0 73300081 0 0 147907
8515307 8411768 3371 161604 0 73303123 0 0 148493
8514278 8425271 3371 181732 0 73306177 0 0 149080
8511916 8426097 3371 201861 0 73309243 0 0 149666
8511578 8414398 3371 221991 0 73312320 0 0 150252
8513957 8402013 3371 242120 0 73315410 0 0 150837
8515420 8404632 3371 262247 0 73318511 0 0 151426
8513465 8418749 3371 282377 0 73321624 0 0 152010
8511311 8427347 3371 302507 0 73324748 0 0 152591
8512369 8419643 3371 322635 0 73327885 0 0 153183
8515155 8404620 3371 342764 0 73331033 0 0 153768
8515312 8401256 3371 362892 0 73334193 0 0 154356
8512581 8413527 3371 383023 0 73337365 0 0 154939
8511183 8426439 3371 403151 0 73340549 0 0 155527
8513162 8423764 3371 423281 0 73343744 0 0 156113
8515330 8409242 3371 443408 0 73346951 0 0 156696
8514334 8400839 3371 463537 0 73350171 0 0 157286
8511907 8409079 3371 483667 0 73353401 0 0 157867
8511935 8423851 3371 503795 0 73356644 0 0 158460
8514207 8425514 3371 523925 0 73359898 0 0 159039
8514336 8411739 3371 544054 0 73363164 0 0 159625
8512147 8401702 3371 564184 0 73366442 0 0 160210
8511618 8408668 3371 584311 0 73369733 0 0 160804
8513740 8423029 3371 604441 0 73373034 0 0 161384
8514761 8425254 3371 624571 0 73376347 0 0 161970
8512874 8412575 3371 644698 0 73379672 0 0 162557
8511003 8401519 3371 664828 0 73383009 0 0 163137
8512810 8408501 3371 684956 0 73386358 0 0 163730
8515091 8423740 3371 705087 0 73389719 0 0 164314
8514165 8426157 3371 725218 0 73393091 0 0 164900
8511675 8412735 3371 745347 0 73396475 0 0 165485
8512195 8401462 3371 765474 0 73399871 0 0 166074
8514757 8409891 3371 785605 0 73403278 0 0 166648
8514285 8425082 3371 805734 0 73406698 0 0 167239
8511980 8425205 3371 825863 0 73410129 0 0 167827
8512103 8410664 3371 845992 0 73413573 0 0 168416
8514653 8401223 3371 866121 0 73417027 0 0 168998
8514853 8410912 3371 886247 0 73420494 0 0 169585
8511960 8425764 3371 906379 0 73423972 0 0 170167
8511464 8423673 3371 926508 0 73427462 0 0 170754
8514335 8408068 3371 946635 0 73430964 0 0 171342
8515620 8401571 3371 966762 0 73434478 0 0 171928
8513064 8413482 3371 986892 0 73438003 0 0 172514
8511227 8426452 3372 7024 0 73441541 0 0 173099
8513679 8420348 3372 27150 0 73445090 0 0 173686
8515280 8404353 3372 47278 0 73448651 0 0 174269
8512889 8404200 3372 67408 0 73452224 0 0 174859
8511287 8419968 3372 87536 0 73455808 0 0 175439
8513779 8426601 3372 107666 0 73459405 0 0 176031
8515297 8413958 3372 127795 0 73463013 0 0 176618
8512815 8401697 3372 147923 0 73466633 0 0 177204
8511399 8408977 3372 168052 0 73470265 0 0 177788
8513953 8424226 3372 188181 0 73473908 0 0 178375
8515614 8424229 3372 208311 0 73477563 0 0 178957
8513034 8408887 3372 228439 0 73481230 0 0 179543
8511004 8402093 3372 248568 0 73484909 0 0 180128
8513685 8415015 3372 268698 0 73488600 0 0 180714
8515798 8426601 3372 288828 0 73492303 0 0 181304
8513403 8419074 3372 308955 0 73496017 0 0 181888
8511309 8403924 3372 329084 0 73499744 0 0 182479
8513670 8406618 3372 349214 0 73503481 0 0 183058
8515174 8422303 3372 369343 0 73507230 0 0 183640
8512651 8424464 3372 389471 0 73510993 0 0 184237
8511704 8409483 3372 409600 0 73514766 0 0 184824
8514562 8402240 3372 429730 0 73518551 0 0 185408
8515216 8415386 3372 449859 0 73522347 0 0 185989
8511858 8426744 3372 469987 0 73526156 0 0 186578
8511656 8415916 3372 490116 0 73529977 0 0 187165
8515042 8402035 3372 510248 0 73533809 0 0 187746
8515038 8408463 3372 530378 0 73537652 0 0 188322
8511606 8424542 3372 550506 0 73541508 0 0 188916
8512094 8422114 3372 570635 0 73545376 0 0 189507
8515013 8405817 3372 590764 0 73549255 0 0 190081
8513892 8404091 3372 610894 0 73553146 0 0 190666
8511343 8420336 3372 631023 0 73557050 0 0 191259
8513236 8425132 3372 651151 0 73560965 0 0 191852
8514962 8409719 3372 671280 0 73564891 0 0 192431
8512608 8402084 3372 691407 0 73568829 0 0 193014
8511570 8416810 3372 711539 0 73572779 0 0 193600
8514464 8426684 3372 731667 0 73576741 0 0 194194
8514755 8414186 3372 751796 0 73580715 0 0 194778
8511765 8401807 3372 771925 0 73584700 0 0 195360
8512415 8412925 3372 792054 0 73588698 0 0 195952
8515106 8426440 3372 812180 0 73592707 0 0 196541
8513640 8417513 3372 832310 0 73596727 0 0 197117
8511685 8402718 3372 852439 0 73600760 0 0 197701
8513646 8410120 3372 872567 0 73604804 0 0 198289
8514677 8425487 3372 892696 0 73608861 0 0 198878
8512138 8418178 3372 912826 0 73612928 0 0 199461
8512467 8402686 3372 932956 0 73617009 0 0 200050
8514730 8408390 3372 953085 0 73621100 0 0 200632
8513370 8424694 3372 973213 0 73625204 0 0 201223
8511815 8418968 3372 993342 0 73629319 0 0 201804
8514221 8402928 3373 13470 0 73633446 0 0 202390
8514381 8410024 3373 33599 0 73637584 0 0 202977
8511808 8424940 3373 53729 0 73641735 0 0 203562
8512623 8418433 3373 73857 0 73645898 0 0 204153
8514527 8403377 3373 93986 0 73650072 0 0 204734
8512572 8411747 3373 114116 0 73654258 0 0 205326
8512097 8424760 3373 134245 0 73658455 0 0 205903
8514260 8417487 3373 154373 0 73662665 0 0 206495
8513568 8403748 3373 174504 0 73666887 0 0 207079
8511615 8410402 3373 194633 0 73671119 0 0 207661
8513295 8423823 3373 214762 0 73675365 0 0 208250
8514781 8417536 3373 234889 0 73679622 0 0 208843
8511963 8403115 3373 255021 0 73683890 0 0 209422
8511903 8412052 3373 275149 0 73688170 0 0 210004
8514679 8425019 3373 295278 0 73692463 0 0 210595
8513103 8414675 3373 315405 0 73696766 0 0 211179
8511646 8403204 3373 335537 0 73701082 0 0 211767
8514094 8414574 3373 355667 0 73705409 0 0 212346
8514050 8425511 3373 375794 0 73709749 0 0 212936
8511378 8412554 3373 395924 0 73714100 0 0 213526
8513574 8403686 3373 416053 0 73718463 0 0 214108
8514707 8419051 3373 436183 0 73722838 0 0 214691
8511420 8424284 3373 456310 0 73727224 0 0 215283
8512140 8407907 3373 476440 0 73731622 0 0 215866
8515252 8404893 3373 496570 0 73736032 0 0 216447
8512647 8421738 3373 516697 0 73740454 0 0 217038
8511361 8420819 3373 536827 0 73744887 0 0 217621
8514757 8403983 3373 556957 0 73749333 0 0 218213
8513440 8410108 3373 577084 0 73753790 0 0 218795
8511588 8424909 3373 597211 0 73758259 0 0 219383
8514427 8415062 3373 617340 0 73762739 0 0 219965
8513895 8402612 3373 637471 0 73767231 0 0 220546
8511062 8416445 3373 657600 0 73771736 0 0 221134
8514070 8424928 3373 677727 0 73776252 0 0 221723
8514888 8409688 3373 697857 0 73780780 0 0 222309
8511315 8403425 3373 717986 0 73785320 0 0 222893
8512420 8420162 3373 738114 0 73789872 0 0 223487
8514885 8421427 3373 758243 0 73794435 0 0 224069
8512005 8404458 3373 778372 0 73799010 0 0 224652
8512357 8409718 3373 798502 0 73803596 0 0 225231
8514893 8424764 3373 818631 0 73808195 0 0 225822
8512157 8413980 3373 838759 0 73812806 0 0 226416
8512063 8402572 3373 858888 0 73817428 0 0 226998
8515049 8417398 3373 879020 0 73822063 0 0 227584
8512549 8423304 3373 899147 0 73826708 0 0 228168
8511961 8406115 3373 919276 0 73831366 0 0 228755
8514858 8407758 3373 939404 0 73836036 0 0 229341
8512986 8423959 3373 959534 0 73840717 0 0 229926
8511637 8417647 3373 979664 0 73845409 0 0 230506
8514263 8402764 3373 999792 0 73850115 0 0 231106
8513282 8414505 3374 19921 0 73854833 0 0 231696
8512105 8424128 3374 40050 0 73859561 0 0 232276
8514421 8408194 3374 60180 0 73864300 0 0 232856
8513451 8403977 3374 80308 0 73869052 0 0 233443
8511607 8421000 3374 100437 0 73873816 0 0 234032
8514073 8420512 3374 120566 0 73878591 0 0 234612
8513230 8403830 3374 140696 0 73883379 0 0 235196
8511977 8415062 3374 160826 0 73888178 0 0 235782
8514478 8423519 3374 180955 0 73892989 0 0 236374
8512752 8405903 3374 201086 0 73897812 0 0 236952
8512525 8409536 3374 221212 0 73902647 0 0 237537
8514336 8424589 3374 241342 0 73907493 0 0 238122
8512369 8412424 3374 261473 0 73912351 0 0 238713
8512866 8403112 3374 281599 0 73917221 0 0 239299
8514749 8419770 3374 301728 0 73922102 0 0 239880
8512120 8421287 3374 321856 0 73926995 0 0 240469
8512488 8404433 3374 341986 0 73931901 0 0 241055
8514965 8409845 3374 362118 0 73936818 0 0 241640
8512383 8424461 3374 382243 0 73941747 0 0 242231
8512690 8411235 3374 402372 0 73946688 0 0 242817
8514707 8403809 3374 422501 0 73951639 0 0 243391
8512051 8421333 3374 442630 0 73956604 0 0 243985
8513494 8416935 3374 462759 0 73961580 0 0 244572
8514628 8402678 3374 482888 0 73966567 0 0 245150
8511587 8416337 3374 503019 0 73971568 0 0 245744
8513792 8422689 3374 523146 0 73976579 0 0 246331
8514414 8404822 3374 543276 0 73981602 0 0 246912
8511202 8409548 3374 563403 0 73986637 0 0 247504
8513984 8424655 3374 583533 0 73991684 0 0 248084
8514315 8411438 3374 603662 0 73996742 0 0 248666
8511345 8404654 3374 623790 0 74001813 0 0 249264
8514307 8422329 3374 643920 0 74006896 0 0 249847
8513405 8416673 3374 664049 0 74011989 0 0 250429
8511424 8403048 3374 684178 0 74017096 0 0 251026
8515160 8419198 3374 704308 0 74022213 0 0 251603
8512736 8420817 3374 724435 0 74027342 0 0 252190
8511873 8403816 3374 744565 0 74032483 0 0 252776
8515152 8414275 3374 764694 0 74037636 0 0 253360
8512246 8423336 3374 784824 0 74042801 0 0 253946
8512924 8405867 3374 804951 0 74047979 0 0 254544
8514739 8410801 3374 825080 0 74053167 0 0 255124
8511461 8423887 3374 845210 0 74058367 0 0 255706
8513658 8409347 3374 865338 0 74063578 0 0 256293
8514110 8407196 3374 885467 0 74068802 0 0 256874
8511469 8423622 3374 905598 0 74074037 0 0 257459
8514321 8413614 3374 925725 0 74079284 0 0 258046
8513187 8404588 3374 945858 0 74084543 0 0 258629
8511730 8421394 3374 965987 0 74089814 0 0 259214
8514752 8416601 3374 986116 0 74095097 0 0 259802
8512322 8404218 3375 6243 0 74100392 0 0 260383
8512909 8420982 3375 26374 0 74105698 0 0 260968
8513944 8417004 3375 46503 0 74111015 0 0 261549
8511892 8403731 3375 66630 0 74116345 0 0 262142
8514144 8420271 3375 86761 0 74121687 0 0 262727
8512775 8418543 3375 106890 0 74127040 0 0 263314
8512157 8403403 3375 127019 0 74132406 0 0 263903
8514346 8418033 3375 147146 0 74137783 0 0 264495
8512093 8420844 3375 167277 0 74143171 0 0 265077
8513208 8403961 3375 187403 0 74148571 0 0 265660
8513633 8417222 3375 207531 0 74153984 0 0 266245
8512046 8421592 3375 227661 0 74159408 0 0 266832
8514052 8404496 3375 247791 0 74164843 0 0 267418
8512321 8416605 3375 267918 0 74170292 0 0 268009
8513253 8420224 3375 288050 0 74175751 0 0 268588
8514016 8403785 3375 308177 0 74181222 0 0 269178
8511582 8416795 3375 328305 0 74186706 0 0 269765
8514009 8421227 3375 348434 0 74192200 0 0 270344
8512858 8404288 3375 368564 0 74197707 0 0 270935
8512417 8415827 3375 388692 0 74203225 0 0 271520
8514247 8422034 3375 408821 0 74208756 0 0 272105
8511636 8404537 3375 428951 0 74214298 0 0 272691
8513590 8414488 3375 449080 0 74219852 0 0 273284
8513820 8422856 3375 469209 0 74225418 0 0 273862
8511468 8404945 3375 489337 0 74230995 0 0 274454
8514571 8414682 3375 509467 0 74236585 0 0 275041
8512046 8421423 3375 529595 0 74242185 0 0 275617
8513005 8404357 3375 549724 0 74247798 0 0 276208
8514096 8416485 3375 569854 0 74253422 0 0 276790
8511527 8420102 3375 589982 0 74259059 0 0 277381
8514785 8403899 3375 610111 0 74264708 0 0 277967
8512155 8418647 3375 630241 0 74270368 0 0 278553
8512321 8420274 3375 650370 0 74276040 0 0 279140
8514719 8404074 3375 670501 0 74281724 0 0 279724
8511329 8419193 3375 690627 0 74287418 0 0 280307
8514510 8417508 3375 710757 0 74293126 0 0 280893
8512780 8404002 3375 730888 0 74298844 0 0 281477
8512172 8420973 3375 751018 0 74304576 0 0 282065
8514715 8416410 3375 771146 0 74310318 0 0 282654
8511569 8405294 3375 791276 0 74316072 0 0 283232
8514093 8422613 3375 811404 0 74321838 0 0 283817
8512692 8412608 3375 831533 0 74327616 0 0 284403
8512424 8407050 3375 851663 0 74333406 0 0 284988
8514472 8423822 3375 871791 0 74339207 0 0 285573
8511392 8410390 3375 891920 0 74345021 0 0 286165
8513910 8408939 3375 912049 0 74350846 0 0 286748
8513006 8423971 3375 932176 0 74356683 0 0 287343
8512036 8409110 3375 952307 0 74362531 0 0 287921
8514004 8410467 3375 972434 0 74368391 0 0 288507
8511953 8423717 3375 992566 0 74374264 0 0 289095
8513847 8406589 3376 12694 0 74380147 0 0 289677
8512327 8413900 3376 32820 0 74386044 0 0 290272
8512736 8421736 3376 52950 0 74391951 0 0 290853
8513771 8404757 3376 73079 0 74397870 0 0 291437
8511943 8418733 3376 93207 0 74403802 0 0 292026
8513798 8418624 3376 113336 0 74409744 0 0 292607
8512267 8404459 3376 133466 0 74415699 0 0 293189
8513496 8421212 3376 153596 0 74421666 0 0 293780
8513015 8415383 3376 173723 0 74427644 0 0 294368
8512361 8405812 3376 193853 0 74433635 0 0 294957
8513939 8423162 3376 213983 0 74439637 0 0 295544
8511787 8410772 3376 234110 0 74445651 0 0 296125
8514058 8409043 3376 254239 0 74451676 0 0 296713
8512597 8423955 3376 274370 0 74457713 0 0 297296
8512865 8407754 3376 294497 0 74463762 0 0 297879
8513238 8415614 3376 314627 0 74469824 0 0 298473
8512101 8420395 3376 334756 0 74475896 0 0 299056
8514457 8404416 3376 354886 0 74481981 0 0 299642
8511539 8419910 3376 375015 0 74488077 0 0 300226
8513798 8416661 3376 395142 0 74494185 0 0 300811
8512555 8405991 3376 415273 0 74500305 0 0 301397
8512374 8423043 3376 435402 0 74506436 0 0 301976
8513899 8410286 3376 455531 0 74512581 0 0 302570
8511296 8410086 3376 475658 0 74518736 0 0 303163
8514454 8423039 3376 495789 0 74524903 0 0 303744
8511494 8405915 3376 515918 0 74531082 0 0 304326
8513543 8416673 3376 536047 0 74537273 0 0 304917
8512729 8418666 3376 556174 0 74543475 0 0 305503
8512320 8405357 3376 576306 0 74549689 0 0 306084
8514149 8422662 3376 596435 0 74555915 0 0 306667
8511198 8412372 3376 616565 0 74562152 0 0 307249
8514232 8408704 3376 636692 0 74568402 0 0 307843
8511541 8423801 3376 656822 0 74574664 0 0 308424
8513051 8407120 3376 676951 0 74580937 0 0 309007
8512625 8415954 3376 697080 16 74587222 0 0 309595
8512126 8420011 3376 717209 16 74593513 0 0 310153
8513727 8405415 3376 737338 16 74599803 0 0 310645
8511221 8422695 3376 757466 16 74606093 0 0 311082
8514080 8412050 3376 777595 16 74612384 0 0 311469
8511670 8410253 3376 797725 16 74618673 0 0 311779
8513257 8422124 3376 817851 16 74624963 0 0 312049
8511966 8405469 3376 837982 16 74631255 0 0 312253
8512939 8419373 3376 858109 16 74637544 0 0 312390
8512635 8416105 3376 878238 16 74643835 0 0 312479
8512091 8407074 3376 898367 16 74650124 0 0 312499
8513290 8423167 3376 918496 16 74656415 0 0 312499
8511908 8407728 3376 938625 16 74662705 0 0 312499
8513370 8417126 3376 958754 16 74668995 0 0 312496
8512011 8416460 3376 978883 16 74675285 0 0 312491
8513412 8408506 3376 999013 16 74681576 0 0 312502
8511878 8422197 3377 19142 16 74687867 0 0 312503
8513643 8406264 3377 39271 16 74694157 0 0 312494
8511632 8421295 3377 59400 16 74700447 0 0 312498
8513796 8411797 3377 79529 16 74706738 0 0 312498
8511805 8411309 3377 99658 16 74713028 0 0 312503
8513779 8421636 3377 119787 16 74719319 0 0 312503
8511746 8406530 3377 139916 16 74725610 0 0 312508
8514157 8422261 3377 160044 16 74731900 0 0 312509
8511820 8410016 3377 180173 16 74738190 0 0 312509
8513709 8414726 3377 200302 16 74744480 0 0 312506
8512219 8418206 3377 220432 16 74750770 0 0 312501
8513419 8407415 3377 240561 16 74757061 0 0 312506
8512281 8422843 3377 260690 16 74763352 0 0 312511
8513513 8406638 3377 280819 16 74769642 0 0 312506
8512520 8419528 3377 300948 16 74775932 0 0 312506
8512785 8413844 3377 321078 16 74782222 0 0 312498
8513209 8411609 3377 341207 16 74788513 0 0 312498
8512316 8421487 3377 361336 16 74794803 0 0 312496
8513711 8405902 3377 381468 16 74801093 0 0 312493
8512252 8421797 3377 401597 16 74807383 0 0 312493
8513607 8408945 3377 421726 16 74813674 0 0 312498
8511838 8415972 3377 441855 16 74819964 0 0 312493
8513764 8416189 3377 461984 16 74826255 0 0 312493
8511898 8409144 3377 482113 16 74832545 0 0 312493
8513884 8421717 3377 502240 16 74838836 0 0 312500
8512073 8406356 3377 522369 16 74845125 0 0 312498
8513800 8422520 3377 542498 16 74851415 0 0 312493
8512028 8411138 3377 562627 16 74857706 0 0 312498
8514032 8413901 3377 582755 16 74863996 0 0 312502
8511764 8420312 3377 602884 16 74870286 0 0 312502
8513664 8406277 3377 623013 16 74876577 0 0 312502
8512102 8422537 3377 643142 16 74882867 0 0 312502
8513473 8407662 3377 663270 16 74889157 0 0 312499
8511989 8419412 3377 683399 16 74895447 0 0 312499
8513508 8413419 3377 703528 16 74901737 0 0 312493
8512080 8411478 3377 723657 16 74908028 0 0 312502
8513550 8421586 3377 743786 16 74914318 0 0 312502
8511883 8406497 3377 763915 16 74920609 0 0 312502
8513544 8422542 3377 784043 16 74926899 0 0 312502
8511781 8409011 3377 804172 16 74933189 0 0 312502
8513504 8414523 3377 824301 16 74939479 0 0 312498
8511792 8419253 3377 844430 16 74945769 0 0 312498
8513560 8405910 3377 864559 16 74952059 0 0 312496
8511953 8423111 3377 884690 16 74958350 0 0 312498
8513156 8409363 3377 904819 16 74964640 0 0 312498
8512327 8416688 3377 924948 16 74970932 0 0 312503
8512791 8417220 3377 945076 16 74977222 0 0 312504
8512621 8408549 3377 965205 16 74983513 0 0 312504
8512559 8423604 3377 985334 16 74989802 0 0 312498
8513196 8407231 3378 5462 16 74996092 0 0 312499
8512154 8419948 3378 25592 16 75002382 0 0 312498
8513705 8414953 3378 45720 16 75008672 0 0 312499
8511134 8408950 3378 65849 16 75014964 0 0 312509
8514306 8423315 3378 85978 16 75021255 0 0 312512
8511257 8406590 3378 106109 16 75027544 0 0 312504
8514153 8420430 3378 126236 16 75033835 0 0 312502
8511283 8414112 3378 146365 16 75040125 0 0 312501
8513884 8410147 3378 166494 16 75046415 0 0 312496
8511809 8421937 3378 186625 16 75052705 0 0 312498
8513827 8406025 3378 206754 16 75058995 0 0 312496
8512368 8422349 3378 226885 16 75065285 0 0 312495
8512613 8413100 3378 247015 16 75071576 0 0 312497
8513239 8412202 3378 267143 16 75077867 0 0 312495
8512405 8422202 3378 287272 16 75084158 0 0 312495
8513425 8405884 3378 307401 16 75090447 0 0 312498
8512078 8421967 3378 327530 16 75096737 0 0 312490
8513987 8411615 3378 347659 16 75103028 0 0 312495
8511862 8413866 3378 367788 16 75109318 0 0 312495
8514065 8421258 3378 387917 16 75115609 0 0 312503
8512200 8405860 3378 408046 16 75121899 0 0 312503
8513723 8422464 3378 428175 16 75128190 0 0 312511
8512263 8410465 3378 448300 16 75134479 0 0 312507
8513772 8412694 3378 468429 16 75140770 0 0 312504
8512445 8423097 3378 488558 16 75147059 0 0 312494
8513390 8406356 3378 508688 16 75153349 0 0 312498
8512927 8421850 3378 528817 16 75159640 0 0 312502
8513050 8411930 3378 548945 16 75165931 0 0 312504
8513424 8409928 3378 569074 16 75172221 0 0 312504
8512585 8424766 3378 589203 16 75178511 0 0 312499
8513958 8407653 3378 609332 16 75184801 0 0 312499
8511570 8414907 3378 629461 16 75191091 0 0 312494
8513864 8425112 3378 649590 16 75197382 0 0 312499
8513551 8407783 3378 669721 16 75203672 0 0 312491
8511738 8412318 3378 689850 16 75209962 0 0 312496
8514300 8423801 3378 709977 16 75216254 0 0 312511
8511936 8405681 3378 730108 16 75222545 0 0 312508
8513540 8415965 3378 750236 16 75228834 0 0 312498
8513565 8423680 3378 770365 16 75235125 0 0 312503
8511969 8405613 3378 790494 16 75241415 0 0 312503
8514816 8419168 3378 810625 16 75247705 0 0 312501
8511549 8420873 3378 830752 16 75253996 0 0 312508
8513387 8404902 3378 850881 16 75260286 0 0 312503
8513781 8420909 3378 871012 16 75266578 0 0 312513
8511818 8418384 3378 891139 16 75272868 0 0 312516
8514697 8405064 3378 911268 16 75279157 0 0 312498
8511719 8422683 3378 931397 16 75285447 0 0 312496
8513418 8416307 3378 951525 16 75291737 0 0 312501
8513620 8405946 3378 971654 16 75298027 0 0 312496
8511321 8424275 3378 991784 16 75304318 0 0 312499
8514655 8415349 3379 11915 16 75310609 0 0 312503
8511895 8406629 3379 32045 16 75316899 0 0 312495
8512650 8424699 3379 52173 16 75323189 0 0 312498
8514058 8412845 3379 72302 16 75329479 0 0 312491
8511296 8407164 3379 92431 16 75335769 0 0 312488
8514012 8425196 3379 112560 16 75342059 0 0 312493
8512380 8412434 3379 132689 16 75348350 0 0 312496
8512564 8408342 3379 152818 16 75354640 0 0 312496
8514296 8425938 3379 172947 16 75360931 0 0 312501
8511498 8411978 3379 193076 16 75367221 0 0 312498
8513882 8408990 3379 213205 16 75373512 0 0 312501
8513152 8425713 3379 233334 16 75379801 0 0 312498
8512037 8410843 3379 253463 16 75386092 0 0 312499
8514042 8409246 3379 273592 16 75392382 0 0 312499
8512073 8425641 3379 293718 16 75398672 0 0 312502
8513378 8410364 3379 313847 16 75404962 0 0 312502
8513266 8408881 3379 333978 16 75411253 0 0 312501
8512105 8425932 3379 354106 16 75417543 0 0 312501
8514077 8411390 3379 374235 16 75423834 0 0 312501
8512126 8409521 3379 394365 16 75430124 0 0 312499
8513118 8425917 3379 414494 16 75436414 0 0 312494
8513807 8411344 3379 434621 16 75442704 0 0 312502
8512051 8408828 3379 454752 16 75448995 0 0 312499
8513866 8426281 3379 474879 16 75455284 0 0 312498
8512501 8412892 3379 495009 16 75461576 0 0 312503
8512968 8408323 3379 515138 16 75467865 0 0 312498
8514182 8425926 3379 535267 16 75474156 0 0 312501
8511736 8412721 3379 555396 16 75480447 0 0 312504
8514187 8409549 3379 575526 16 75486737 0 0 312498
8513014 8425782 3379 595655 16 75493027 0 0 312499
8512493 8410023 3379 615784 16 75499318 0 0 312504
8514277 8410518 3379 635913 16 75505608 0 0 312503
8511728 8426126 3379 656042 16 75511900 0 0 312511
8514142 8409614 3379 676171 16 75518190 0 0 312513
8513152 8410403 3379 696300 16 75524480 0 0 312504
8511897 8426001 3379 716427 16 75530770 0 0 312511
8514987 8409250 3379 736556 16 75537059 0 0 312501
8511780 8411233 3379 756685 16 75543349 0 0 312496
8513247 8426052 3379 776814 16 75549640 0 0 312502
8513950 8408746 3379 796943 16 75555931 0 0 312507
8511794 8413164 3379 817074 16 75562221 0 0 312499
8514809 8425320 3379 837203 16 75568511 0 0 312498
8511971 8406944 3379 857334 16 75574801 0 0 312485
8513722 8417060 3379 877463 16 75581091 0 0 312485
8513510 8421790 3379 897592 16 75587382 0 0 312490
8512285 8405728 3379 917720 16 75593672 0 0 312490
8514676 8422527 3379 937849 16 75599963 0 0 312500
8511631 8415068 3379 957978 16 75606253 0 0 312500
8514517 8409288 3379 978107 16 75612544 0 0 312500
8512481 8425272 3379 998235 16 75618834 0 0 312496
8513441 8408069 3380 18364 16 75625124 0 0 312499
8513132 8416332 3380 38493 16 75631414 0 0 312499
8512615 8421035 3380 58620 16 75637704 0 0 312506
8513903 8406597 3380 78749 16 75643995 0 0 312511
8511989 8424257 3380 98878 16 75650284 0 0 312501
8514214 8411726 3380 119009 16 75656575 0 0 312501
8511990 8412822 3380 139138 16 75662865 0 0 312496
8513990 8424388 3380 159267 16 75669156 0 0 312501
8512679 8407013 3380 179396 16 75675446 0 0 312496
8513435 8421050 3380 199524 16 75681736 0 0 312496
8513016 8416964 3380 219653 16 75688026 0 0 312496
8512871 8407465 3380 239782 16 75694317 0 0 312501
8513685 8424980 3380 259912 16 75700608 0 0 312501
8512154 8409658 3380 280040 16 75706898 0 0 312498
8513893 8414898 3380 300169 16 75713188 0 0 312503
8512214 8422661 3380 320297 16 75719478 0 0 312502
8513697 8406199 3380 340426 16 75725768 0 0 312502
8512192 8422999 3380 360556 16 75732059 0 0 312501
8513711 8413947 3380 380684 16 75738348 0 0 312498
8512737 8410357 3380 400813 16 75744639 0 0 312501
8512809 8424437 3380 420943 16 75750929 0 0 312499
8513541 8406567 3380 441071 16 75757221 0 0 312506
8512162 8419301 3380 461201 16 75763511 0 0 312502
8514012 8418918 3380 481330 16 75769800 0 0 312496
8511659 8406977 3380 501459 16 75776092 0 0 312506
8514435 8424842 3380 521588 16 75782382 0 0 312504
8511774 8410327 3380 541717 16 75788672 0 0 312504
8513770 8414426 3380 561846 16 75794962 0 0 312501
8512876 8422841 3380 581975 16 75801253 0 0 312509
8512638 8405738 3380 602104 16 75807543 0 0 312503
8514163 8422007 3380 622237 16 75813833 0 0 312500
8511755 8416129 3380 642366 16 75820124 0 0 312493
8514543 8408939 3380 662495 16 75826414 0 0 312493
8511566 8425496 3380 682624 16 75832704 0 0 312498
8514359 8408728 3380 702753 16 75838995 0 0 312493
8512374 8417311 3380 722880 16 75845285 0 0 312495
8513107 8420788 3380 743011 16 75851576 0 0 312497
8513606 8406998 3380 763138 16 75857866 0 0 312500
8512490 8425222 3380 783266 16 75864156 0 0 312496
8514145 8411686 3380 803395 16 75870446 0 0 312498
8511839 8414359 3380 823524 16 75876736 0 0 312502
8514698 8423910 3380 843653 16 75883026 0 0 312498
8511961 8405664 3380 863781 16 75889317 0 0 312506
8513984 8421185 3380 883910 16 75895607 0 0 312506
8512987 8417523 3380 904039 16 75901897 0 0 312499
8513345 8408252 3380 924168 16 75908187 0 0 312498
8513748 8425265 3380 944297 16 75914478 0 0 312501
8512671 8408814 3380 964426 16 75920768 0 0 312498
8514212 8417177 3380 984555 16 75927058 0 0 312496
8512332 8421021 3381 4684 16 75933349 0 0 312501
8514220 8406570 3381 24813 16 75939639 0 0 312501
8512477 8424052 3381 44942 16 75945930 0 0 312506
8514043 8410871 3381 65071 16 75952220 0 0 312498
8512628 8413420 3381 85200 16 75958510 0 0 312498
8513756 8423993 3381 105329 16 75964800 0 0 312499
8513191 8406047 3381 125458 16 75971090 0 0 312499
8512906 8421507 3381 145586 16 75977380 0 0 312496
8513578 8416652 3381 165715 16 75983671 0 0 312501
8512386 8407790 3381 185844 16 75989962 0 0 312506
8514241 8425429 3381 205973 16 75996252 0 0 312501
8512080 8409770 3381 226102 16 76002543 0 0 312506
8514103 8415451 3381 246231 16 76008833 0 0 312501
8512476 8422754 3381 266360 16 76015122 0 0 312496
8513523 8406008 3381 286491 16 76021413 0 0 312498
8513014 8422982 3381 306620 16 76027704 0 0 312503
8512779 8414966 3381 326747 16 76033995 0 0 312511
8513891 8410479 3381 346876 16 76040284 0 0 312504
8511898 8425164 3381 367009 16 76046575 0 0 312500
8514528 8407264 3381 387135 16 76052865 0 0 312498
8511666 8419002 3381 407264 16 76059156 0 0 312503
8514186 8418870 3381 427396 16 76065446 0 0 312495
8512226 8407859 3381 447525 16 76071736 0 0 312493
8513465 8425518 3381 467654 16 76078026 0 0 312500
8512938 8409949 3381 487783 16 76084317 0 0 312503
8512471 8415241 3381 507912 16 76090608 0 0 312503
8514091 8422212 3381 528039 16 76096898 0 0 312496
8511535 8406221 3381 548168 16 76103188 0 0 312501
8514401 8423630 3381 568297 16 76109478 0 0 312501
8511814 8413078 3381 588426 16 76115768 0 0 312498
8514327 8413378 3381 608555 16 76122058 0 0 312493
8511892 8423571 3381 628684 16 76128348 0 0 312496
8513776 8406134 3381 648813 16 76134639 0 0 312502
8512780 8422621 3381 668942 16 76140930 0 0 312506
8512906 8414981 3381 689070 16 76147220 0 0 312502
8513621 8410817 3381 709200 16 76153510 0 0 312496
8512423 8424941 3381 729328 16 76159800 0 0 312496
8514407 8407062 3381 749457 16 76166090 0 0 312496
8512163 8418576 3381 769586 16 76172380 0 0 312496
8514272 8418470 3381 789715 16 76178671 0 0 312501
8512172 8407560 3381 809844 16 76184961 0 0 312501
8513978 8425207 3381 829973 16 76191252 0 0 312506
8512825 8410323 3381 850101 16 76197542 0 0 312502
8513223 8414940 3381 870231 16 76203832 0 0 312496
8513267 8422294 3381 890359 16 76210122 0 0 312496
8512867 8406638 3381 910489 16 76216412 0 0 312496
8513792 8423814 3381 930618 16 76222703 0 0 312499
8512245 8413815 3381 950747 16 76228993 0 0 312499
8514253 8409479 3381 970875 16 76235283 0 0 312501
8512213 8425262 3381 991006 16 76241574 0 0 312498
8513988 8407843 3382 11133 16 76247865 0 0 312506
8512589 8418255 3382 31262 16 76254155 0 0 312501
8513366 8420606 3382 51391 16 76260444 0 0 312494
8513305 8406514 3382 71520 16 76266735 0 0 312501
8512645 8425068 3382 91649 16 76273025 0 0 312499
8514015 8411965 3382 111778 16 76279317 0 0 312511
8512098 8412724 3382 131907 16 76285609 0 0 312516
8514502 8425272 3382 152039 16 76291897 0 0 312503
8511976 8406749 3382 172168 16 76298188 0 0 312506
8514163 8420735 3382 192297 16 76304478 0 0 312504
8512876 8419292 3382 212426 16 76310768 0 0 312496
8512812 8406665 3382 232556 16 76317058 0 0 312493
8514029 8425276 3382 252685 16 76323349 0 0 312503
8512043 8412741 3382 272814 16 76329639 0 0 312498
8514359 8413141 3382 292943 16 76335930 0 0 312503
8511715 8424972 3382 313071 16 76342220 0 0 312495
8514015 8406722 3382 333200 16 76348510 0 0 312485
8512451 8420642 3382 353329 16 76354800 0 0 312498
8513202 8417987 3382 373458 16 76361090 0 0 312493
8513198 8408847 3382 393587 16 76367381 0 0 312498
8512344 8425718 3382 413714 16 76373671 0 0 312501
8514286 8409429 3382 433845 16 76379961 0 0 312501
8511787 8413757 3382 453972 16 76386251 0 0 312499
8514347 8423566 3382 474103 16 76392543 0 0 312506
8512134 8405662 3382 494230 16 76398832 0 0 312499
8513511 8421201 3382 514358 16 76405122 0 0 312499
8513399 8417542 3382 534487 16 76411412 0 0 312499
8512593 8407837 3382 554616 16 76417702 0 0 312499
8513804 8425527 3382 574745 16 76423993 0 0 312504
8512272 8409348 3382 594874 16 76430283 0 0 312499
8514285 8415401 3382 615005 16 76436574 0 0 312498
8511935 8423245 3382 635132 16 76442864 0 0 312504
8513919 8406058 3382 655261 16 76449154 0 0 312501
8512611 8422910 3382 675390 16 76455444 0 0 312494
8513078 8415500 3382 695519 16 76461734 0 0 312496
8513372 8409503 3382 715648 16 76468025 0 0 312499
8512721 8425472 3382 735777 16 76474315 0 0 312499
8513990 8407878 3382 755906 16 76480607 0 0 312509
8512022 8416267 3382 776037 16 76486896 0 0 312496
8514332 8422566 3382 796164 16 76493187 0 0 312504
8512305 8406274 3382 816295 16 76499477 0 0 312499
8513703 8423670 3382 836424 16 76505767 0 0 312496
8513212 8415210 3382 856553 16 76512058 0 0 312501
8513053 8410434 3382 876680 16 76518347 0 0 312499
8513915 8426122 3382 896809 16 76524639 0 0 312509
8512167 8408360 3382 916938 16 76530930 0 0 312509
8514580 8417143 3382 937069 16 76537220 0 0 312506
8511916 8422321 3382 957198 16 76543510 0 0 312496
8514203 8406352 3382 977325 16 76549800 0 0 312507
8512801 8424178 3382 997456 16 76556090 0 0 312496
8513157 8415585 3383 17585 16 76562380 0 0 312499
8513793 8409153 3383 37714 16 76568671 0 0 312504
8512303 8425920 3383 57845 16 76574961 0 0 312496
8514592 8408200 3383 77974 16 76581252 0 0 312503
8511884 8416275 3383 98102 16 76587542 0 0 312495
8514443 8423026 3383 118231 16 76593833 0 0 312495
8512741 8406391 3383 138360 16 76600122 0 0 312493
8513238 8423652 3383 158489 16 76606412 0 0 312493
8513862 8416390 3383 178618 16 76612703 0 0 312495
8512390 8408881 3383 198747 16 76618993 0 0 312498
8514418 8425602 3383 218876 16 76625283 0 0 312498
8512025 8408357 3383 239006 16 76631574 0 0 312496
8514463 8416540 3383 259133 16 76637865 0 0 312507
8512324 8423219 3383 279262 16 76644155 0 0 312502
8513415 8405961 3383 299389 16 76650444 0 0 312499
8513779 8421803 3383 319518 16 76656735 0 0 312499
8512487 8416692 3383 339647 16 76663024 0 0 312499
8514476 8408220 3383 359776 16 76669315 0 0 312504
8512285 8426033 3383 379905 16 76675607 0 0 312509
8514277 8410224 3383 400036 16 76681896 0 0 312501
8512476 8415211 3383 420165 16 76688186 0 0 312501
8514060 8422503 3383 440294 16 76694476 0 0 312498
8512980 8406169 3383 460421 16 76700767 0 0 312498
8513304 8424121 3383 480550 16 76707057 0 0 312498
8513969 8413765 3383 500681 16 76713347 0 0 312496
8512467 8410374 3383 520810 16 76719637 0 0 312491
8514278 8425823 3383 540939 16 76725929 0 0 312506
8512665 8408273 3383 561068 16 76732219 0 0 312501
8514495 8418193 3383 581197 16 76738510 0 0 312496
8512431 8422370 3383 601324 16 76744800 0 0 312507
8513508 8406004 3383 621453 16 76751090 0 0 312507
8513946 8423004 3383 641582 16 76757380 0 0 312507
8512507 8416295 3383 661711 16 76763670 0 0 312499
8514249 8409540 3383 681840 16 76769960 0 0 312499
8512357 8425663 3383 701970 16 76776251 0 0 312507
8514478 8408556 3383 722099 16 76782542 0 0 312511
8512408 8415553 3383 742229 16 76788833 0 0 312504
8513785 8423403 3383 762358 16 76795123 0 0 312504
8513245 8406247 3383 782487 16 76801412 0 0 312494
8512324 8422598 3383 802616 16 76807703 0 0 312496
8514449 8417476 3383 822745 16 76813993 0 0 312496
8512102 8408254 3383 842873 16 76820283 0 0 312498
8514145 8425941 3383 863007 16 76826574 0 0 312495
8512291 8410134 3383 883133 16 76832865 0 0 312505
8514224 8414942 3383 903262 16 76839155 0 0 312500
8513075 8423751 3383 923391 16 76845444 0 0 312491
8512543 8406062 3383 943520 16 76851735 0 0 312493
8514434 8422274 3383 963649 16 76858025 0 0 312493
8511997 8418380 3383 983778 16 76864316 0 0 312503
8514353 8407540 3384 3907 16 76870607 0 0 312503
8512205 8425971 3384 24038 16 76876896 0 0 312495
8513984 8411269 3384 44165 16 76883187 0 0 312501
8513133 8413425 3384 64293 16 76889477 0 0 312506
8512599 8425374 3384 84422 16 76895767 0 0 312496
8514241 8406793 3384 104550 16 76902057 0 0 312499
8511902 8419972 3384 124679 16 76908347 0 0 312504
8514484 8419801 3384 144808 16 76914637 0 0 312499
8512325 8406752 3384 164937 16 76920928 0 0 312504
8513892 8424886 3384 185066 16 76927218 0 0 312498
8513179 8413268 3384 205195 16 76933508 0 0 312493
8512872 8412137 3384 225324 16 76939799 0 0 312506
8513987 8425805 3384 245453 16 76946089 0 0 312498
8511922 8407500 3384 265582 16 76952379 0 0 312496
8514366 8418654 3384 285711 16 76958669 0 0 312496
8512084 8421702 3384 305840 16 76964960 0 0 312498
8513684 8406101 3384 325969 16 76971251 0 0 312503
8513086 8423901 3384 346098 16 76977541 0 0 312503
8512825 8415479 3384 366226 16 76983831 0 0 312499
8514140 8408551 3384 386355 16 76990121 0 0 312501
8512202 8425916 3384 406484 16 76996411 0 0 312501
8514459 8409221 3384 426613 16 77002702 0 0 312501
8512131 8414940 3384 446743 16 77008992 0 0 312499
8513652 8424292 3384 466871 16 77015283 0 0 312506
8513284 8406189 3384 487002 16 77021573 0 0 312503
8512453 8420176 3384 507129 16 77027864 0 0 312506
8513880 8418820 3384 527258 16 77034155 0 0 312506
8512128 8406988 3384 547387 16 77040445 0 0 312506
8514328 8425214 3384 567516 16 77046735 0 0 312504
8512173 8413535 3384 587645 16 77053024 0 0 312499
8513678 8410554 3384 607774 16 77059315 0 0 312504
8513288 8425376 3384 627904 16 77065607 0 0 312508
8512432 8407481 3384 648034 16 77071896 0 0 312503
8513872 8418891 3384 668163 16 77078186 0 0 312496
8512168 8421823 3384 688292 16 77084477 0 0 312504
8514253 8405397 3384 708421 16 77090766 0 0 312491
8512210 8422849 3384 728552 16 77097057 0 0 312490
8513854 8415411 3384 748681 16 77103347 0 0 312490
8513437 8407905 3384 768808 16 77109637 0 0 312491
8512332 8426170 3384 788937 16 77115928 0 0 312501
8514062 8410193 3384 809068 16 77122218 0 0 312493
8512028 8414675 3384 829195 16 77128509 0 0 312493
8514117 8423837 3384 849324 16 77134799 0 0 312499
8512177 8405866 3384 869453 16 77141089 0 0 312499
8513479 8421319 3384 889582 16 77147379 0 0 312494
8513108 8419228 3384 909711 16 77153669 0 0 312499
8512200 8406744 3384 929838 16 77159960 0 0 312504
8514386 8425286 3384 949967 16 77166251 0 0 312509
8511823 8413307 3384 970097 16 77172540 0 0 312501
8514042 8412177 3384 990226 16 77178830 0 0 312496
8512381 8425509 3385 10355 16 77185121 0 0 312504
8513630 8407331 3385 30484 16 77191411 0 0 312496
8513225 8419072 3385 50613 16 77197701 0 0 312496
8512286 8422252 3385 70742 16 77203992 0 0 312501
8514302 8406446 3385 90871 16 77210282 0 0 312501
8511785 8423784 3385 111002 16 77216573 0 0 312503
8514124 8416714 3385 131129 16 77222863 0 0 312498
8512549 8408375 3385 151258 16 77229154 0 0 312498
8513161 8426184 3385 171387 16 77235443 0 0 312499
8513485 8410405 3385 191516 16 77241733 0 0 312499
8512073 8413971 3385 211645 16 77248024 0 0 312499
8514558 8425303 3385 231774 16 77254315 0 0 312504
8511852 8406700 3385 251903 16 77260607 0 0 312514
8514096 8419702 3385 272033 16 77266896 0 0 312503
8512908 8421084 3385 292160 16 77273186 0 0 312506
8512892 8406535 3385 312289 16 77279476 0 0 312504
8513954 8424654 3385 332418 16 77285766 0 0 312501
8512228 8414418 3385 352547 16 77292057 0 0 312501
8514561 8409764 3385 372676 16 77298348 0 0 312511
8512294 8426859 3385 392805 16 77304638 0 0 312511
8513912 8410531 3385 412934 16 77310928 0 0 312506
8513357 8414038 3385 433063 16 77317218 0 0 312501
8512456 8424529 3385 453195 16 77323509 0 0 312493
8514339 8406155 3385 473321 16 77329798 0 0 312498
8511973 8419543 3385 493453 16 77336089 0 0 312496
8514071 8421911 3385 513582 16 77342379 0 0 312496
8512439 8406754 3385 533711 16 77348669 0 0 312496
8513440 8424478 3385 553840 16 77354959 0 0 312491
8513693 8415249 3385 573969 16 77361250 0 0 312491
8512130 8408051 3385 594099 16 77367541 0 0 312493
8514349 8426156 3385 614227 16 77373831 0 0 312496
8512276 8411678 3385 634356 16 77380121 0 0 312496
8513772 8413373 3385 654485 16 77386411 0 0 312494
8512703 8424901 3385 674614 16 77392701 0 0 312496
8512937 8406487 3385 694743 16 77398992 0 0 312498
8513830 8419138 3385 714872 16 77405282 0 0 312498
8512137 8421403 3385 735001 16 77411573 0 0 312503
8514378 8406588 3385 755128 16 77417863 0 0 312506
8512139 8424625 3385 775257 16 77424153 0 0 312501
8513720 8415954 3385 795386 16 77430443 0 0 312499
8513144 8408510 3385 815515 16 77436733 0 0 312496
8512525 8426182 3385 835644 16 77443023 0 0 312496
8513892 8410784 3385 855773 16 77449314 0 0 312501
8511931 8413614 3385 875902 16 77455606 0 0 312511
8514192 8424920 3385 896033 16 77461895 0 0 312499
8512099 8406969 3385 916160 16 77468185 0 0 312502
8513805 8421844 3385 936289 16 77474476 0 0 312502
8513234 8419443 3385 956418 16 77480765 0 0 312494
8512575 8406470 3385 976546 16 77487056 0 0 312501
8514308 8424660 3385 996676 16 77493346 0 0 312499
8512069 8414141 3386 16805 16 77499636 0 0 312499
8514290 8412663 3386 36934 16 77505928 0 0 312509
8511962 8426396 3386 57062 16 77512218 0 0 312506
8513172 8408597 3386 77191 16 77518508 0 0 312496
8513654 8414909 3386 97320 16 77524798 0 0 312504
8512000 8423508 3386 117449 16 77531088 0 0 312501
8514369 8405913 3386 137578 16 77537378 0 0 312496
8511768 8421927 3386 157707 16 77543670 0 0 312511
8513858 8418888 3386 177836 16 77549960 0 0 312504
8512464 8406691 3386 197965 16 77556250 0 0 312506
8512755 8424892 3386 218094 16 77562540 0 0 312506
8513796 8413101 3386 238223 16 77568831 0 0 312501
8511354 8409819 3386 258352 16 77575120 0 0 312494
8514188 8425744 3386 278481 16 77581411 0 0 312499
8511960 8408734 3386 298612 16 77587701 0 0 312496
8513236 8416096 3386 318741 16 77593991 0 0 312496
8512827 8422764 3386 338870 16 77600282 0 0 312501
8512299 8405421 3386 359001 16 77606573 0 0 312493
8514060 8421168 3386 379128 16 77612863 0 0 312496
8511497 8418819 3386 399257 16 77619153 0 0 312496
8513980 8407295 3386 419386 16 77625443 0 0 312496
8512405 8425458 3386 439515 16 77631733 0 0 312491
8513089 8412138 3386 459644 16 77638024 0 0 312501
8513183 8411148 3386 479774 16 77644314 0 0 312495
8512195 8424833 3386 499903 16 77650606 0 0 312508
8513966 8406860 3386 520033 16 77656895 0 0 312501
8511886 8417832 3386 540158 16 77663185 0 0 312502
8513986 8422110 3386 560287 16 77669476 0 0 312506
8512506 8405562 3386 580416 16 77675765 0 0 312498
8513034 8422244 3386 600545 16 77682055 0 0 312498
8513608 8417559 3386 620674 16 77688345 0 0 312498
8512053 8406589 3386 640803 16 77694636 0 0 312502
8514071 8424557 3386 660932 16 77700927 0 0 312502
8512007 8412756 3386 681061 16 77707217 0 0 312504
8513620 8410017 3386 701190 16 77713507 0 0 312494
8512806 8424951 3386 721319 16 77719797 0 0 312501
8512837 8407599 3386 741448 16 77726087 0 0 312494
8513563 8417573 3386 761577 16 77732377 0 0 312489
8512044 8420961 3386 781706 16 77738668 0 0 312499
8514469 8405749 3386 801835 16 77744958 0 0 312499
8512072 8423089 3386 821964 16 77751249 0 0 312504
8513861 8415162 3386 842093 16 77757540 0 0 312504
8512998 8407913 3386 862222 16 77763830 0 0 312499
8512834 8425038 3386 882351 16 77770120 0 0 312499
8514040 8410018 3386 902480 16 77776410 0 0 312499
8511646 8411917 3386 922609 16 77782700 0 0 312499
8514469 8424685 3386 942738 16 77788991 0 0 312504
8512305 8406801 3386 962868 16 77795282 0 0 312508
8513464 8417887 3386 982997 16 77801573 0 0 312509
8513519 8421021 3387 3126 16 77807864 0 0 312514
8512247 8405725 3387 23255 16 77814153 0 0 312504
8514258 8422817 3387 43384 16 77820443 0 0 312499
8511692 8415713 3387 63513 16 77826733 0 0 312499
8514037 8407416 3387 83642 16 77833023 0 0 312499
8512589 8425182 3387 103772 16 77839314 0 0 312501
8512564 8411270 3387 123902 16 77845605 0 0 312505
8514188 8412205 3387 144033 16 77851895 0 0 312498
8511839 8424688 3387 164159 16 77858185 0 0 312498
8514157 8406702 3387 184288 16 77864476 0 0 312496
8512081 8417698 3387 204417 16 77870765 0 0 312486
8513758 8420916 3387 224546 16 77877055 0 0 312491
8513058 8405073 3387 244675 16 77883346 0 0 312496
8511964 8421405 3387 264804 16 77889636 0 0 312496
8514047 8416792 3387 284933 16 77895927 0 0 312501
8511732 8407731 3387 305062 16 77902217 0 0 312499
8513644 8424879 3387 325194 16 77908508 0 0 312498
8512341 8410598 3387 345320 16 77914797 0 0 312498
8512917 8410804 3387 365448 16 77921088 0 0 312502
8513185 8424371 3387 385577 16 77927378 0 0 312498
8511984 8406975 3387 405706 16 77933667 0 0 312498
8514016 8416954 3387 425835 16 77939958 0 0 312502
8511659 8422208 3387 445964 16 77946249 0 0 312502
8513446 8405798 3387 466094 16 77952539 0 0 312499
8512466 8421941 3387 486223 16 77958829 0 0 312494
8512673 8415561 3387 506352 16 77965120 0 0 312499
8513269 8407622 3387 526481 16 77971410 0 0 312498
8512133 8423873 3387 546608 16 77977700 0 0 312502
8513898 8409687 3387 566737 16 77983991 0 0 312499
8511854 8412586 3387 586866 16 77990280 0 0 312494
8513929 8423122 3387 606995 16 77996571 0 0 312504
8512549 8406183 3387 627125 16 78002861 0 0 312498
8512832 8419010 3387 647255 16 78009152 0 0 312496
8513351 8418286 3387 667383 16 78015442 0 0 312501
8511762 8405756 3387 687512 16 78021733 0 0 312506
8514225 8422932 3387 707641 16 78028023 0 0 312501
8511497 8412007 3387 727770 16 78034313 0 0 312501
8513710 8409512 3387 747900 16 78040604 0 0 312501
8512504 8424407 3387 768028 16 78046896 0 0 312508
8512575 8408202 3387 788158 16 78053186 0 0 312511
8513589 8415974 3387 808287 16 78059476 0 0 312506
8511416 8420783 3387 828416 16 78065765 0 0 312503
8514554 8404513 3387 848543 16 78072056 0 0 312507
8512066 8419550 3387 868672 16 78078346 0 0 312506
8513175 8417414 3387 888801 16 78084636 0 0 312501
8513106 8406120 3387 908930 16 78090927 0 0 312506
8512322 8423596 3387 929063 16 78097217 0 0 312500
8514340 8410989 3387 949192 16 78103507 0 0 312496
8511459 8410910 3387 969321 16 78109797 0 0 312486
8514383 8423972 3387 989450 16 78116088 0 0 312493
8512575 8407090 3388 9579 16 78122378 0 0 312491
8512703 8415030 3388 29708 16 78128668 0 0 312496
8513518 8420883 3388 49837 16 78134959 0 0 312493
8512084 8405117 3388 69966 16 78141250 0 0 312498
8514141 8420540 3388 90092 16 78147540 0 0 312503
8511702 8415216 3388 110224 16 78153830 0 0 312493
8513805 8406476 3388 130353 16 78160119 0 0 312494
8512870 8423403 3388 150479 16 78166410 0 0 312504
8512520 8410382 3388 170608 16 78172701 0 0 312507
8513613 8411158 3388 190737 16 78178990 0 0 312498
8512245 8423109 3388 210866 16 78185280 0 0 312499
8513825 8405973 3388 230995 16 78191571 0 0 312504
8511958 8416291 3388 251124 16 78197862 0 0 312504
8513549 8419797 3388 271253 16 78204152 0 0 312499
8512608 8405334 3388 291382 16 78210441 0 0 312489
8512640 8422108 3388 311510 16 78216732 0 0 312501
8513531 8412982 3388 331640 16 78223022 0 0 312504
8512219 8408487 3388 351769 16 78229312 0 0 312494
8513722 8423314 3388 371898 16 78235602 0 0 312489
8512069 8406730 3388 392029 16 78241894 0 0 312501
8514065 8415653 3388 412155 16 78248184 0 0 312506
8512315 8421729 3388 432284 16 78254474 0 0 312501
8512667 8405216 3388 452413 16 78260764 0 0 312496
8513525 8419707 3388 472543 16 78267055 0 0 312499
8512105 8415269 3388 492672 16 78273345 0 0 312504
8514150 8406663 3388 512801 16 78279636 0 0 312503
8511594 8423755 3388 532930 16 78285926 0 0 312504
8513847 8411076 3388 553058 16 78292217 0 0 312511
8512411 8411981 3388 573187 16 78298508 0 0 312516
8512810 8421903 3388 593316 16 78304798 0 0 312509
8513383 8405115 3388 613446 16 78311088 0 0 312503
8511578 8418453 3388 633575 16 78317377 0 0 312498
8514231 8417307 3388 653704 16 78323668 0 0 312503
8511397 8406456 3388 673833 16 78329958 0 0 312499
8513997 8423335 3388 693962 16 78336249 0 0 312504
8512234 8410684 3388 714091 16 78342539 0 0 312499
8512733 8410401 3388 734222 16 78348830 0 0 312501
8513605 8422155 3388 754351 0 78355119 0 0 312490
8511628 8405338 3388 774480 0 78361402 0 0 312452
8514450 8418305 3388 794609 0 78367673 0 0 312356
8511463 8417887 3388 814739 0 78373932 0 0 312202
8513824 8405249 3388 834867 0 78380180 0 0 312001
8512613 8422561 3388 854996 0 78386416 0 0 311726
8512584 8412563 3388 875125 0 78392640 0 0 311398
8513720 8408558 3388 895254 0 78398852 0 0 311007
8511699 8423560 3388 915383 0 78405052 0 0 310559
8514269 8407305 3388 935510 0 78411240 0 0 310053
8511873 8413280 3388 955641 0 78417418 0 0 309500
8513560 8421329 3388 975768 0 78423582 0 0 308909
8513122 8405215 3388 995899 0 78429735 0 0 308323
8512297 8419313 3389 16028 0 78435877 0 0 307743
8513650 8417271 3389 36155 0 78442007 0 0 307155
8511952 8405326 3389 56284 0 78448125 0 0 306571
8513808 8422803 3389 76412 0 78454230 0 0 305981
8512217 8412059 3389 96542 0 78460325 0 0 305397
8513325 8409166 3389 116672 0 78466407 0 0 304811
8513355 8424333 3389 136799 0 78472478 0 0 304229
8512261 8408505 3389 156929 0 78478537 0 0 303638
8513783 8413361 3389 177058 0 78484584 0 0 303055
8512321 8422773 3389 197186 0 78490619 0 0 302472
8513833 8405802 3389 217316 0 78496643 0 0 301884
8512203 8418572 3389 237445 0 78502654 0 0 301292
8513311 8417897 3389 257573 0 78508654 0 0 300707
8513434 8405355 3389 277703 0 78514643 0 0 300128
8512193 8422914 3389 297833 0 78520619 0 0 299537
8513891 8413478 3389 317960 0 78526584 0 0 298960
8511899 8407742 3389 338089 0 78532537 0 0 298370
8513817 8424607 3389 358220 0 78538477 0 0 297779
8512855 8410562 3389 378349 0 78544406 0 0 297192
8512160 8408963 3389 398476 0 78550325 0 0 296617
8514190 8424412 3389 418607 0 78556231 0 0 296031
8511482 8408391 3389 438734 0 78562124 0 0 295446
8514043 8413003 3389 458865 0 78568006 0 0 294857
8512672 8423320 3389 478994 0 78573876 0 0 294266
8512294 8405917 3389 499121 0 78579735 0 0 293689
8514084 8416344 3389 519250 0 78585582 0 0 293099
8511045 8422279 3389 539383 0 78591415 0 0 292498
8513603 8405048 3389 559510 0 78597239 0 0 291926
8512420 8417946 3389 579639 0 78603050 0 0 291341
8511829 8421395 3389 599769 0 78608849 0 0 290740
8514460 8405297 3389 619899 0 78614636 0 0 290149
8511121 8420153 3389 640028 0 78620414 0 0 289576
8513372 8420590 3389 660156 0 78626178 0 0 288993
8513383 8404974 3389 680286 0 78631930 0 0 288407
8511494 8421022 3389 700414 0 78637670 0 0 287814
8514282 8418592 3389 720542 0 78643399 0 0 287229
8511590 8405151 3389 740671 0 78649116 0 0 286659
8513110 8422671 3389 760801 0 78654820 0 0 286058
8513425 8417435 3389 780929 0 78660514 0 0 285479
8511466 8405913 3389 801058 0 78666196 0 0 284899
8514100 8423908 3389 821185 0 78671865 0 0 284317
8512047 8416103 3389 841316 0 78677523 0 0 283719
8512528 8405558 3389 861445 0 78683169 0 0 283130
8513612 8423914 3389 881572 0 78688803 0 0 282548
8511505 8417644 3389 901702 0 78694426 0 0 281964
8513557 8405850 3389 921830 0 78700036 0 0 281373
8512467 8423713 3389 941959 0 78705636 0 0 280792
8512262 8416672 3389 962088 0 78711223 0 0 280212
8513882 8405640 3389 982218 0 78716798 0 0 279618
8511679 8423781 3390 2346 0 78722362 0 0 279033
8513216 8416725 3390 22476 0 78727914 0 0 278448
8512985 8405659 3390 42606 0 78733453 0 0 277856
8512093 8423732 3390 62733 0 78738982 0 0 277279
8513506 8416654 3390 82863 0 78744499 0 0 276694
8511843 8405694 3390 102993 0 78750003 0 0 276103
8513040 8423463 3390 123122 0 78755496 0 0 275520
8513370 8419849 3390 143249 0 78760977 0 0 274932
8511639 8405752 3390 163379 0 78766447 0 0 274349
8513828 8423367 3390 183509 0 78771904 0 0 273763
8512242 8419234 3390 203637 0 78777350 0 0 273178
8512470 8404788 3390 223766 0 78782785 0 0 272597
8513774 8421250 3390 243895 0 78788206 0 0 272012
8511633 8422733 3390 264024 0 78793617 0 0 271423
8513304 8405534 3390 284153 0 78799016 0 0 270839
8512767 8420688 3390 304282 0 78804402 0 0 270253
8511483 8423141 3390 324411 0 78809777 0 0 269667
8514255 8405397 3390 344541 0 78815140 0 0 269077
8512000 8416874 3390 364671 0 78820492 0 0 268491
8512010 8425180 3390 384799 0 78825831 0 0 267907
8514258 8406803 3390 404929 0 78831159 0 0 267317
8511514 8413823 3390 425058 0 78836475 0 0 266727
8513044 8426070 3390 445189 0 78841779 0 0 266144
8513476 8408452 3390 465315 0 78847071 0 0 265556
8511194 8411133 3390 485445 0 78852352 0 0 264967
8514081 8426929 3390 505576 0 78857621 0 0 264386
8512734 8411997 3390 525702 0 78862878 0 0 263802
8511267 8408376 3390 545832 0 78868123 0 0 263216
8514510 8426198 3390 565963 0 78873357 0 0 262630
8512124 8415692 3390 586089 0 78878579 0 0 262050
8511930 8406299 3390 606217 0 78883789 0 0 261467
8514302 8423605 3390 626346 0 78888986 0 0 260875
8511570 8420651 3390 646475 0 78894172 0 0 260291
8512553 8405226 3390 666604 0 78899347 0 0 259706
8514137 8419283 3390 686733 0 78904509 0 0 259116
8510988 8425063 3390 706862 0 78909660 0 0 258533
8513480 8406405 3390 726991 0 78914800 0 0 257948
8513860 8415578 3390 747120 0 78919927 0 0 257363
8511082 8427142 3390 767250 0 78925042 0 0 256771
8513782 8409406 3390 787377 0 78930146 0 0 256185
8513175 8410689 3390 807507 0 78935238 0 0 255595
8511787 8427626 3390 827637 0 78940318 0 0 255014
8514073 8413887 3390 847764 0 78945386 0 0 254429
8512226 8407146 3390 867894 0 78950443 0 0 253843
8512265 8425732 3390 888023 0 78955489 0 0 253266
8514300 8420517 3390 908151 0 78960521 0 0 252675
8512056 8404990 3390 928281 0 78965542 0 0 252084
8512352 8419660 3390 948411 0 78970551 0 0 251497
8514132 8426311 3390 968538 0 78975549 0 0 250919
8512086 8407404 3390 988668 0 78980535 0 0 250329
8512789 8412327 3391 8798 0 78985509 0 0 249743
8513558 8428160 3391 28925 0 78990473 0 0 249170
8512003 8414110 3391 49055 0 78995423 0 0 248580
8513376 8406082 3391 69184 0 79000361 0 0 247990
8513342 8424977 3391 89314 0 79005287 0 0 247393
8511617 8420637 3391 109441 0 79010203 0 0 246818
8513574 8404904 3391 129571 0 79015106 0 0 246232
8512982 8419905 3391 149699 0 79019997 0 0 245648
8511812 8427190 3391 169832 0 79024877 0 0 245056
8513679 8409424 3391 189961 0 79029745 0 0 244471
8512719 8409916 3391 210090 0 79034601 0 0 243886
8511891 8426803 3391 230219 0 79039446 0 0 243291
8514123 8416431 3391 250346 0 79044278 0 0 242708
8512806 8404138 3391 270477 0 79049099 0 0 242126
8511564 8419332 3391 290604 0 79053907 0 0 241542
8513964 8427266 3391 310735 0 79058705 0 0 240952
8513054 8409176 3391 330861 0 79063490 0 0 240370
8511625 8410299 3391 350991 0 79068264 0 0 239786
8514313 8427912 3391 371120 0 79073025 0 0 239198
8512870 8416785 3391 391251 0 79077775 0 0 238611
8511563 8404772 3391 411377 0 79082513 0 0 238027
8514339 8421672 3391 431505 0 79087240 0 0 237443
8512918 8425942 3391 451634 0 79091954 0 0 236855
8511229 8407059 3391 471764 0 79096656 0 0 236263
8514084 8409825 3391 491893 0 79101347 0 0 235681
8513206 8427546 3391 512023 0 79106027 0 0 235095
8510967 8419747 3391 532150 0 79110695 0 0 234514
8513918 8404368 3391 552280 0 79115350 0 0 233922
8513826 8418325 3391 572408 0 79119994 0 0 233342
8510964 8427467 3391 592537 0 79124626 0 0 232757
8513496 8409965 3391 612667 0 79129246 0 0 232168
8514171 8407156 3391 632795 0 79133855 0 0 231581
8511112 8425484 3391 652924 0 79138452 0 0 231000
8513006 8421459 3391 673053 0 79143036 0 0 230415
8514549 8404745 3391 693183 0 79147610 0 0 229833
8511425 8413281 3391 713311 0 79152171 0 0 229244
8512260 8428084 3391 733441 0 79156721 0 0 228654
8514655 8415805 3391 753570 0 79161258 0 0 228069
8512022 8404159 3391 773698 0 79165784 0 0 227483
8511309 8419157 3391 793828 0 79170298 0 0 226895
8514425 8426962 3391 813959 0 79174801 0 0 226314
8513105 8410428 3391 834085 0 79179292 0 0 225729
8511063 8406312 3391 854215 0 79183771 0 0 225142
8513457 8423772 3391 874344 0 79188237 0 0 224555
8513839 8424712 3391 894472 0 79192692 0 0 223967
8511402 8406466 3391 914601 0 79197136 0 0 223384
8512842 8409966 3391 934731 0 79201567 0 0 222793
8513858 8426987 3391 954859 0 79205987 0 0 222213
8511797 8420397 3391 974991 0 79210396 0 0 221627
8512452 8404498 3391 995120 0 79214791 0 0 221037
8514306 8414435 3392 15249 0 79219176 0 0 220453
8512298 8427765 3392 35378 0 79223548 0 0 219859
8511622 8415943 3392 55508 0 79227909 0 0 219272
8513854 8404275 3392 75636 0 79232258 0 0 218693
8513277 8418058 3392 95765 0 79236596 0 0 218110
8511833 8427204 3392 115895 0 79240920 0 0 217513
8513377 8412144 3392 136024 0 79245235 0 0 216937
8513499 8404259 3392 156152 0 79249537 0 0 216352
8511900 8419326 3392 176281 0 79253827 0 0 215763
8513000 8426724 3392 196410 0 79258105 0 0 215182
8514093 8411574 3392 216536 0 79262371 0 0 214593
8512180 8405688 3392 236666 0 79266626 0 0 214012
8512089 8421208 3392 256795 0 79270868 0 0 213422
8513788 8424419 3392 276923 0 79275100 0 0 212839
8512541 8407885 3392 297052 0 79279319 0 0 212249
8511879 8406871 3392 317182 0 79283527 0 0 211673
8513708 8424009 3392 337312 0 79287722 0 0 211076
8513214 8423862 3392 357439 0 79291906 0 0 210489
8511526 8406158 3392 377569 0 79296079 0 0 209908
8513170 8407470 3392 397699 0 79300239 0 0 209321
8514233 8424383 3392 417826 0 79304387 0 0 208734
8511977 8425027 3392 437956 0 79308525 0 0 208152
8511586 8407332 3392 458085 0 79312649 0 0 207566
8514226 8406423 3392 478213 0 79316763 0 0 206980
8513619 8423275 3392 498342 0 79320864 0 0 206394
8511255 8425886 3392 518472 0 79324953 0 0 205803
8512749 8408681 3392 538600 0 79329031 0 0 205223
8514462 8404344 3392 558729 0 79333098 0 0 204640
8512410 8420867 3392 578859 0 79337152 0 0 204049
8511341 8427923 3392 598987 0 79341194 0 0 203465
8513869 8412822 3392 619116 0 79345225 0 0 202881
8513961 8403169 3392 639247 0 79349245 0 0 202295
8511004 8417614 3392 659376 0 79353251 0 0 201708
8511991 8428125 3392 679503 0 79357247 0 0 201123
8514785 8414770 3392 699634 0 79361230 0 0 200535
8513135 8402744 3392 719761 0 79365201 0 0 199951
8510766 8414768 3392 739892 0 79369161 0 0 199363
8513141 8427761 3392 760025 0 79373110 0 0 198773
8514730 8417049 3392 780151 0 79377046 0 0 198190
8511975 8402975 3392 800279 0 79380971 0 0 197608
8511095 8409701 3392 820409 0 79384883 0 0 197016
8514132 8426161 3392 840539 0 79388784 0 0 196425
8513944 8421214 3392 860666 0 79392673 0 0 195847
8510864 8404759 3392 880796 0 79396550 0 0 195253
8511779 8406097 3392 900926 0 79400416 0 0 194672
8514670 8422137 3392 921053 0 79404270 0 0 194091
8513671 8426587 3392 941183 0 79408112 0 0 193505
8510889 8410936 3392 961311 0 79411942 0 0 192919
8512448 8403202 3392 981441 0 79415760 0 0 192329
8514795 8416158 3393 1571 0 79419567 0 0 191741
8513310 8427775 3393 21696 0 79423362 0 0 191165
8510980 8419419 3393 41827 0 79427145 0 0 190579
8512616 8404529 3393 61956 0 79430916 0 0 189990
8514678 8408837 3393 82085 0 79434675 0 0 189404
8512719 8424323 3393 102212 0 79438423 0 0 188821
8510930 8424675 3393 122343 0 79442159 0 0 188232
8512926 8409029 3393 142470 0 79445883 0 0 187647
8514475 8403864 3393 162600 0 79449595 0 0 187059
8512440 8418338 3393 182728 0 79453295 0 0 186475
8511227 8427907 3393 202858 0 79456984 0 0 185889
8513102 8417806 3393 222988 0 79460661 0 0 185298
8514182 8403322 3393 243117 0 79464326 0 0 184713
8512138 8407707 3393 263244 0 79467980 0 0 184134
8511125 8423638 3393 283374 0 79471621 0 0 183547
8513187 8426470 3393 303502 0 79475251 0 0 182960
8514236 8410416 3393 323631 0 79478869 0 0 182375
8512046 8402567 3393 343761 0 79482475 0 0 181787
8511210 8414761 3393 363889 0 79486069 0 0 181202
8513195 8427444 3393 384021 0 79489652 0 0 180617
8514042 8422231 3393 404148 0 79493223 0 0 180034
8512405 8406001 3393 424276 0 79496782 0 0 179449
8511726 8404691 3393 444406 0 79500329 0 0 178863
8513210 8419606 3393 464535 0 79503865 0 0 178274
8513776 8427666 3393 484664 0 79507389 0 0 177695
8512224 8416669 3393 504793 0 79510900 0 0 177103
8511596 8402938 3393 524922 0 79514400 0 0 176516
8513290 8407417 3393 545051 0 79517888 0 0 175930
8514151 8422917 3393 565180 0 79521365 0 0 175349
8512611 8427155 3393 585311 0 79524829 0 0 174758
8511618 8414030 3393 605442 0 79528282 0 0 174169
8513000 8402103 3393 625568 0 79531723 0 0 173584
8514003 8408767 3393 645698 0 79535153 0 0 173002
8512764 8424292 3393 665829 0 79538570 0 0 172410
8511637 8426650 3393 685956 0 79541976 0 0 171824
8512666 8412538 3393 706085 0 79545370 0 0 171243
8514037 8402007 3393 726216 0 79548752 0 0 170657
8512928 8411087 3393 746342 0 79552122 0 0 170072
8511514 8425655 3393 766470 0 79555481 0 0 169486
8512584 8425372 3393 786600 0 79558827 0 0 168901
8514473 8410924 3393 806729 0 79562162 0 0 168316
8513781 8401994 3393 826857 0 79565485 0 0 167729
8511598 8409676 3393 846987 0 79568797 0 0 167143
8511510 8424074 3393 867115 0 79572096 0 0 166559
8513722 8425917 3393 887244 0 79575384 0 0 165971
8514473 8411614 3393 907374 0 79578659 0 0 165379
8512419 8401655 3393 927502 0 79581924 0 0 164800
8511293 8409223 3393 947631 0 79585176 0 0 164212
8512958 8424313 3393 967759 0 79588417 0 0 163625
8514683 8426965 3393 987889 0 79591645 0 0 163039
8513167 8413049 3394 8020 0 79594863 0 0 162456
8511222 8401779 3394 28147 0 79598068 0 0 161871
8512138 8408260 3394 48275 0 79601262 0 0 161286
8514372 8422949 3394 68405 0 79604443 0 0 160698
8514483 8427851 3394 88533 0 79607613 0 0 160113
8511825 8415981 3394 108663 0 79610771 0 0 159532
8510657 8402799 3394 128793 0 79613917 0 0 158938
8512946 8405084 3394 148920 0 79617052 0 0 158359
8515077 8419799 3394 169050 0 79620174 0 0 157767
8513548 8428373 3394 189178 0 79623286 0 0 157192
8511107 8421228 3394 209307 0 79626384 0 0 156597
8511134 8406571 3394 229437 0 79629471 0 0 156009
8513830 8402388 3394 249565 0 79632547 0 0 155423
8514900 8414808 3394 269695 0 79635611 0 0 154841
8512590 8427356 3394 289824 0 79638663 0 0 154254
8510523 8424884 3394 309952 0 79641703 0 0 153670
8512020 8410510 3394 330081 0 79644732 0 0 153089
8514670 8401506 3394 350211 0 79647748 0 0 152496
8514419 8408919 3394 370341 0 79650753 0 0 151914
8511748 8423838 3394 390472 0 79653746 0 0 151322
8510501 8428609 3394 410601 0 79656727 0 0 150740
8512138 8419294 3394 430730 0 79659696 0 0 150154
8514748 8405171 3394 450859 0 79662654 0 0 149568
8514355 8402435 3394 470988 0 79665600 0 0 148982
8511425 8414957 3394 491117 0 79668534 0 0 148396
8510481 8427276 3394 511244 0 79671456 0 0 147810
8512499 8426599 3394 531375 0 79674366 0 0 147218
8514705 8413788 3394 551502 0 79677265 0 0 146638
8513973 8402212 3394 571633 0 79680152 0 0 146052
8511465 8404740 3394 591762 0 79683027 0 0 145467
8510451 8418936 3394 611889 0 79685890 0 0 144881
8512273 8428539 3394 632020 0 79688742 0 0 144299
8514505 8424320 3394 652145 0 79691581 0 0 143710
8514187 8410586 3394 672275 0 79694409 0 0 143124
8511866 8401432 3394 692403 0 79697225 0 0 142538
8510521 8406261 3394 712532 0 79700029 0 0 141951
8511937 8420289 3394 732662 0 79702821 0 0 141365
8514161 8428829 3394 752790 0 79705602 0 0 140778
8514170 8423726 3394 772919 0 79708371 0 0 140193
8512323 8410414 3394 793048 0 79711128 0 0 139607
8510845 8401490 3394 813178 0 79713874 0 0 139024
8511729 8406495 3394 833308 0 79716607 0 0 138434
8513920 8420303 3394 853436 0 79719329 0 0 137850
8514394 8429112 3394 873565 0 79722039 0 0 137265
8512626 8424001 3394 893693 0 79724737 0 0 136678
8511101 8411130 3394 913823 0 79727423 0 0 136092
8511511 8401800 3394 933953 0 79730098 0 0 135510
8513404 8405750 3394 954082 0 79732761 0 0 134923
8514589 8418619 3394 974209 0 79735412 0 0 134338
8513679 8428452 3394 994339 0 79738051 0 0 133752
8511927 8426047 3395 14469 0 79740678 0 0 133160
8511653 8413522 3395 34597 0 79743294 0 0 132581
8512873 8403077 3395 54726 0 79745898 0 0 131994
8514192 8403272 3395 74854 0 79748490 0 0 131408
8514207 8413810 3395 94983 0 79751071 0 0 130826
8512585 8426325 3395 115113 0 79753639 0 0 130240
8511481 8428633 3395 135244 0 79756196 0 0 129654
8512095 8419418 3395 155370 0 79758740 0 0 129064
8513573 8407224 3395 175500 0 79761274 0 0 128481
8514357 8401273 3395 195632 0 79763795 0 0 127893
8513489 8408111 3395 215760 0 79766304 0 0 127309
8511935 8421954 3395 235889 0 79768802 0 0 126721
8511665 8429506 3395 256020 0 79771288 0 0 126134
8512812 8424235 3395 276148 0 79773762 0 0 125548
8514049 8411505 3395 296276 0 79776225 0 0 124963
8513709 8401917 3395 316405 0 79778675 0 0 124377
8512299 8403785 3395 336535 0 79781113 0 0 123785
8511302 8415916 3395 356663 0 79783541 0 0 123209
8511973 8427004 3395 376792 0 79785956 0 0 122618
8513617 8428438 3395 396922 0 79788359 0 0 122033
8514145 8417784 3395 417048 0 79790751 0 0 121452
8513016 8405302 3395 437179 0 79793131 0 0 120866
8511739 8401658 3395 457306 0 79795498 0 0 120277
8511276 8408332 3395 477437 0 79797855 0 0 119694
8512484 8421629 3395 497563 0 79800199 0 0 119103
8513908 8429441 3395 517693 0 79802532 0 0 118522
8513605 8424244 3395 537821 0 79804852 0 0 117937
8512322 8412845 3395 557951 0 79807162 0 0 117349
8511361 8402690 3395 578080 0 79809459 0 0 116763
8511872 8404146 3395 598209 0 79811744 0 0 116177
8513690 8417247 3395 618337 0 79814018 0 0 115590
8514502 8427896 3395 638467 0 79816280 0 0 115004
8513682 8429994 3395 658597 0 79818529 0 0 114416
8511836 8421895 3395 678724 0 79820768 0 0 113832
8511069 8409185 3395 698854 0 79822994 0 0 113244
8512234 8401669 3395 718984 0 79825209 0 0 112658
8513938 8406048 3395 739113 0 79827412 0 0 112076
8514742 8418043 3395 759240 0 79829604 0 0 111491
8513893 8428157 3395 779370 0 79831783 0 0 110905
8512070 8429567 3395 799499 0 79833950 0 0 110318
8511055 8421522 3395 819627 0 79836106 0 0 109732
8511720 8409474 3395 839757 0 79838250 0 0 109146
8513514 8401727 3395 859887 0 79840382 0 0 108565
8514828 8403565 3395 880016 0 79842503 0 0 107977
8514255 8414264 3395 900143 0 79844611 0 0 107393
8512321 8426334 3395 920274 0 79846708 0 0 106807
8511060 8430089 3395 940401 0 79848793 0 0 106221
8511440 8424298 3395 960530 0 79850866 0 0 105629
8513284 8412342 3395 980661 0 79852927 0 0 105042
8514836 8402702 3396 790 0 79854977 0 0 104461
8514687 8402606 3396 20920 0 79857015 0 0 103873
8512803 8412279 3396 41049 0 79859041 0 0 103288
8510979 8424991 3396 61179 0 79861055 0 0 102702
8511065 8430269 3396 81306 0 79863057 0 0 102111
8512750 8426059 3396 101436 0 79865048 0 0 101529
8514551 8415960 3396 121564 0 79867027 0 0 100943
8515206 8405053 3396 141694 0 79868994 0 0 100356
8513675 8401561 3396 161824 0 79870949 0 0 99769
8511456 8408157 3396 181951 0 79872893 0 0 99190
8510373 8419340 3396 202081 0 79874825 0 0 98604
8510994 8427854 3396 222209 0 79876744 0 0 98014
8513108 8429732 3396 242338 0 79878652 0 0 97427
8514864 8422273 3396 262467 0 79880548 0 0 96842
8514972 8410870 3396 282596 0 79882433 0 0 96260
8513521 8403079 3396 302723 0 79884306 0 0 95674
8511563 8401377 3396 322854 0 79886167 0 0 95087
8510553 8408508 3396 342983 0 79888016 0 0 94501
8511176 8419805 3396 363112 0 79889853 0 0 93915
8513050 8428390 3396 383239 0 79891679 0 0 93329
8514623 8430632 3396 403369 0 79893493 0 0 92743
8514892 8425694 3396 423497 0 79895295 0 0 92161
8513634 8414361 3396 443627 0 79897085 0 0 91575
8511597 8404272 3396 463756 0 79898863 0 0 90988
8510344 8400864 3396 483884 0 79900630 0 0 90402
8510784 8404861 3396 504016 0 79902385 0 0 89814
8512315 8413748 3396 524143 0 79904128 0 0 89229
8514042 8423949 3396 544273 0 79905859 0 0 88643
8515211 8430285 3396 564400 0 79907579 0 0 88063
8514606 8428439 3396 584530 0 79909286 0 0 87470
8512784 8421048 3396 604658 0 79910982 0 0 86885
8511019 8411935 3396 624787 0 79912666 0 0 86298
8510086 8403550 3396 644917 0 79914339 0 0 85717
8510667 8400933 3396 665046 0 79915999 0 0 85131
8512737 8406296 3396 685175 0 79917648 0 0 84545
8514289 8414893 3396 705304 0 79919285 0 0 83959
8515206 8423359 3396 725433 0 79920910 0 0 83372
8514894 8429435 3396 745562 0 79922523 0 0 82787
8513521 8430218 3396 765691 0 79924125 0 0 82199
8511684 8424890 3396 785820 0 79925714 0 0 81614
8510724 8416502 3396 805949 0 79927293 0 0 81032
8510591 8407911 3396 826080 0 79928859 0 0 80445
8511379 8402060 3396 846211 0 79930413 0 0 79854
8513114 8401054 3396 866337 0 79931955 0 0 79268
8514536 8406033 3396 886467 0 79933486 0 0 78681
8514916 8415127 3396 906598 0 79935005 0 0 78095
8514471 8423231 3396 926724 0 79936512 0 0 77510
8513332 8428822 3396 946854 0 79938008 0 0 76928
8511758 8430399 3396 966985 0 79939492 0 0 76341
8511009 8426300 3396 987111 0 79940963 0 0 75756
8511325 8417199 3397 7241 0 79942424 0 0 75169
8512297 8409114 3397 27368 0 79943871 0 0 74580
8513588 8403191 3397 47498 0 79945308 0 0 73998
8514892 8400603 3397 67626 0 79946733 0 0 73417
8515079 8403331 3397 87755 0 79948145 0 0 72826
8514517 8410710 3397 107884 0 79949546 0 0 72240
8513409 8418100 3397 128015 0 79950936 0 0 71657
8512175 8424237 3397 148142 0 79952313 0 0 71067
8511227 8429135 3397 168271 0 79953679 0 0 70482
8510768 8430077 3397 188400 0 79955033 0 0 69900
8511323 8425826 3397 208528 0 79956375 0 0 69309
8512552 8418958 3397 228657 0 79957705 0 0 68727
8513727 8412149 3397 248787 0 79959024 0 0 68141
8514741 8405184 3397 268915 0 79960331 0 0 67555
8515202 8400848 3397 289046 0 79961626 0 0 66972
8514766 8401249 3397 309174 0 79962909 0 0 66386
8513677 8406003 3397 329303 0 79964180 0 0 65796
8512532 8412431 3397 349431 0 79965440 0 0 65215
8511678 8419548 3397 369561 0 79966687 0 0 64623
8511062 8426881 3397 389691 0 79967923 0 0 64037
8511237 8429991 3397 409818 0 79969148 0 0 63456
8511877 8429400 3397 429948 0 79970360 0 0 62869
8512851 8426038 3397 450077 0 79971561 0 0 62283
8513753 8420331 3397 470205 0 79972749 0 0 61692
8514246 8412382 3397 490334 0 79973926 0 0 61106
8514328 8404841 3397 510464 0 79975092 0 0 60525
8513789 8401167 3397 530592 0 79976245 0 0 59939
8512967 8400426 3397 550721 0 79977387 0 0 59352
8512194 8402647 3397 570851 4 79978517 0 0 58771
8511572 8407960 3397 590979 4 79979635 0 0 58185
8511170 8414803 3397 611108 4 79980741 0 0 57594
8511460 8422200 3397 631241 0 79981835 0 0 57007
8512093 8427109 3397 651370 0 79982918 0 0 56421
8512825 8429460 3397 671497 0 79983989 0 0 55839
8513771 8429213 3397 691628 0 79985048 0 0 55253
8514399 8425564 3397 711757 0 79986095 0 0 54662
8514425 8420153 3397 731884 0 79987131 0 0 54081
8514255 8415013 3397 752016 0 79988155 0 0 53494
8513842 8410857 3397 772144 0 79989167 0 0 52908
8512967 8405091 3397 792273 0 79990167 0 0 52321
8512084 8400934 3397 812400 0 79991155 0 0 51736
8511353 8400124 3397 832531 0 79992132 0 0 51155
8510889 8401511 3397 852660 0 79993096 0 0 50564
8511000 8403528 3397 872787 4 79994018 0 0 49824
8511191 8407196 3397 892914 4 79994873 0 0 48811
8511135 8410104 3397 913044 4 79995663 0 0 47534
8511504 8412358 3397 933173 4 79996386 0 0 45979
8512214 8417539 3397 953301 4 79997044 0 0 44161
8512554 8420021 3397 973431 0 79997635 0 0 42069
8512881 8421613 3397 993560 0 79998161 0 0 39715
8513120 8423629 3398 13688 0 79998620 0 0 37086
8513331 8424865 3398 33818 0 79999014 0 0 34190
8513364 8424844 3398 53948 0 79999341 0 0 31026
8513176 8423491 3398 74077 0 79999603 0 0 27746
8512880 8421982 3398 94204 0 79999798 0 0 24467
8512385 8418713 3398 114334 0 79999928 0 0 21188
8511767 8413782 3398 134464 0 79999992 0 0 17914
8511352 8409822 3398 154591 32 80000000 0 0 14685
8511101 8406801 3398 174720 32 80000000 0 0 11749
